18.9119
66.8752
113.584
127.821
178.925
171.899
166.213
120.727
179.138
161.719
108.609
191.937
177.215
149.509
137.46
147.646
189.568
225.52
176.102
188.199
194.608
201.847
181.341
179.257
207.114
138.713
163.524
178.069
162.859
102.953
184.16
173.389
168.602
151.563
112.82
184.999
114.715
180.419
124.262
121.795
121.494
138.85
154.431
125.533
135.221
148.188
139.369
129.065
108.013
152.151
141.318
157.561
99.6723
55.1186
112.049
109.987
92.2298
93.6965
112.1
110.758
124.498
69.7097
143.209
87.3795
109.118
86.2505
68.3175
92.0648
114.668
106.23
100.793
140.995
93.9718
85.929
93.1623
108.084
65.2495
88.1467
98.7644
118.931
125.214
80.5259
121.76
92.9593
80.0762
89.1738
104.049
62.7765
80.4694
103.667
76.5552
108.17
65.1467
63.9376
115.592
76.4342
66.3862
76.3475
69.094
86.6927
76.8801
70.4946
97.2506
80.3409
78.5353
60.1128
57.3045
73.7242
102.183
68.0532
77.1358
71.7452
98.1573
87.1055
57.3161
60.2261
54.0928
95.8989
99.5139
84.3858
84.465
68.807
92.6043
92.7966
62.65
64.2014
87.9103
77.8505
82.683
70.2077
61.9381
86.1378
78.3828
72.5382
99.6263
79.5691
83.5482
60.5085
88.4175
67.9177
57.4124
80.4727
69.3425
66.2187
80.2802
84.9293
50.4031
53.5016
66.6842
48.2483
56.0153
59.1763
58.9836
87.1095
74.4504
76.3554
59.8801
68.792
82.4684
51.2802
86.649
98.8522
74.2297
72.8145
66.0025
28.7556
78.0569
46.9901
79.6149
48.7421
62.633
89.2288
73.6863
85.7095
26.2771
79.7201
61.6308
60.3501
77.6219
57.356
57.7689
72.8181
60.8333
56.5935
83.8205
55.4101
59.5483
48.9281
74.9545
44.4151
53.4645
53.1191
61.9009
68.5164
59.2965
43.151
37.2277
24.7916
51.429
51.9856
54.8808
31.2763
45.3013
36.4968
32.5518
37.0162
50.6717
34.0525
23.6017
33.2857
40.2504
47.0242
37.128
37.0869
23.1446
31.8768
42.4809
41.1315
22.561
33.4954
29.6756
31.1403
22.2792
51.9338
40.2619
44.3359
8.28849
19.569
27.6213
16.7472
38.4543
50.3779
33.0646
35.0433
35.6046
38.6465
17.8055
36.8813
19.2324
3.53038
42.7462
38.9614
36.915
26.1788
35.5422
20.5693
21.3094
20.1189
6.11138
36.5706
46.7398
24.6821
14.4101
26.9726
19.3244
25.9645
31.9687
41.0425
20.6214
40.7901
13.9813
18.7224
34.8072
26.6917
23.5684
20.3095
20.3716
23.6118
20.9576
21.4614
32.834
11.7622
20.628
28.7016
25.7814
26.3817
17.2835
13.2685
39.847
9.33982
23.5218
23.9509
31.9667
6.84745
16.545
26.393
30.0511
24.2526
30.0303
25.0935
23.5147
14.3688
26.1968
23.0099
23.6858
36.6982
31.1177
34.8213
25.5274
13.9617
14.2633
19.6015
25.4732
-4.74088
8.75394
29.6699
10.1729
28.5108
36.2598
1.21992
29.2939
21.6677
28.96
25.8812
43.5472
24.0729
18.1474
22.6536
16.2406
22.9029
29.4385
27.715
32.5583
14.3808
-0.478572
5.10939
29.094
25.463
18.1276
29.9691
12.7481
15.708
10.854
22.0225
26.5777
27.749
18.8245
16.0174
20.6848
26.1561
11.1421
31.0874
6.89354
14.8579
18.2247
36.4197
25.9266
40.0855
28.625
21.0694
23.4138
5.33863
23.4731
35.0352
22.3381
32.891
11.6988
5.94326
37.1427
23.5263
28.95
6.82124
5.47951
22.4653
8.91289
16.2457
12.2423
24.7341
32.4677
12.618
15.1464
38.6067
20.7084
18.3713
23.9406
19.685
19.5089
18.5333
3.09799
19.1379
24.8059
32.567
2.79357
15.5512
19.9805
18.4548
19.5112
25.1765
20.8325
6.72806
-4.20655
23.2365
22.3579
16.2861
14.6905
25.414
9.35409
12.1369
15.8065
6.13608
27.3391
6.46275
8.55842
10.4519
15.9061
25.2334
31.5343
34.5472
21.8995
-1.3891
18.2192
1.36881
30.7919
9.42994
19.4844
20.6503
11.702
24.6809
20.6689
-9.07684
16.1078
13.1135
2.90723
24.685
10.9448
10.2026
25.1098
9.94687
31.2309
22.9574
8.64949
15.6251
19.508
21.3192
26.3696
7.29767
6.2008
0.810083
19.3825
4.99883
28.9947
17.5699
-4.06695
21.6174
3.90703
22.2016
4.69126
18.184
25.909
4.76699
11.6066
30.7146
21.9714
19.6456
5.40884
20.5271
19.3749
14.5146
10.7803
9.78241
3.76216
13.5981
22.6658
21.0658
5.65264
-13.0937
10.0722
24.3712
14.641
28.0031
9.22552
18.0627
18.261
6.96888
-4.73189
14.5964
-2.16191
-6.5126
44.9068
6.33989
12.9959
-7.51816
12.4297
-4.98404
15.4507
45.767
-5.12338
31.3262
35.4603
29.2326
12.2001
-15.2825
25.6916
-2.09776
-6.69426
-2.73133
22.2257
9.24891
12.203
19.3894
17.1633
34.7908
9.20349
22.5888
31.5892
18.9398
9.29724
-6.9414
-4.09417
20.8874
13.0166
9.72095
-1.82063
20.7581
35.762
19.9167
-4.07659
-2.46094
1.17644
-6.56219
7.17744
15.744
20.6482
36.3063
-5.78092
5.4101
-12.9324
27.5198
30.9498
11.5057
8.22062
0.0957884
19.6499
2.74615
15.4219
-12.6148
-2.70276
15.9353
12.5328
10.3579
4.81805
12.6774
4.75721
20.0079
33.1845
4.8438
30.7358
26.2589
-9.69712
13.896
-2.00598
2.06504
3.20239
-4.3667
12.3382
21.5562
14.7175
5.37977
-9.22498
6.96232
27.0322
13.8919
21.965
0.0822278
14.5697
1.4774
-0.406136
-0.488311
17.2924
-13.3085
40.0048
-13.4493
7.0628
3.43589
13.7589
20.5056
-4.13393
19.2248
9.21067
1.1939
13.949
-2.752
-1.41764
-5.82024
-2.33251
1.25264
5.25636
16.0824
20.4735
39.8503
11.5817
37.0612
8.80853
25.6531
8.23744
-5.30681
13.4648
0.0279588
4.7616
9.94346
13.4108
-0.659633
3.91901
3.57166
5.95326
11.1911
-0.204772
10.7643
-3.35917
13.4927
26.2229
4.1059
22.4606
25.8252
-4.36978
8.302
8.61549
16.9324
9.98995
19.2678
-7.25297
-15.1952
13.9534
19.958
12.2915
-7.37509
14.1637
17.7316
4.90882
-6.10803
13.4461
10.1433
-3.07932
10.4801
13.2091
-4.56975
-9.73711
-14.7835
10.4362
26.0229
5.11552
7.78139
22.0852
17.8036
12.0039
15.4434
-2.78594
25.0483
9.9194
-3.64903
-8.41451
3.59037
9.21836
18.7252
0.211058
-6.79373
27.3265
22.0279
-13.8373
3.02765
14.3391
-1.25345
9.56776
25.4895
8.07835
15.6363
17.3744
21.9075
-20.0934
10.3644
-17.2458
10.9428
6.93197
16.9999
4.02851
1.77578
-1.94216
0.914518
11.312
15.4918
12.6251
-8.25623
13.8661
-6.90134
11.1183
10.7854
-7.8364
9.83788
-1.04232
-3.99319
5.76613
28.0392
7.7575
-5.64693
12.1707
11.9107
20.81
-3.90252
18.4434
10.7147
21.2372
0.0775109
7.45207
4.13793
1.11487
2.77007
-10.351
6.30501
-6.20959
17.5403
19.336
11.2673
1.5585
-14.6225
-9.43334
9.44367
22.32
12.4426
6.33484
7.59845
-4.26166
0.473823
13.7018
4.43815
-22.15
19.0259
19.161
-0.768653
17.6091
27.8786
6.30267
-5.63261
13.7593
1.8329
6.71601
2.93629
-11.5619
11.9551
9.93904
-2.25941
6.83869
16.0529
8.64604
-2.54047
-12.3068
7.01384
6.28377
9.12576
8.38094
9.6555
24.9659
4.20811
4.12484
12.3732
11.0111
19.0498
-5.87102
1.30496
-1.95498
8.29032
16.1801
21.348
2.41691
0.319812
6.01169
-13.0879
8.64795
2.52535
6.4702
7.33886
19.5932
6.44433
-2.01683
10.177
-2.51632
8.87648
11.2825
10.9789
11.6149
13.8094
19.109
6.03308
13.9267
-4.5615
-2.25942
-6.87412
-1.04833
16.6664
4.18979
15.939
2.42148
-2.76563
1.27684
0.59133
-0.165877
10.0213
26.6039
17.1181
2.03025
8.73958
-6.4958
2.36018
5.68543
14.2709
0.657775
-0.120495
-1.00927
10.2974
10.8549
16.1005
7.44882
1.21425
7.44655
7.58664
8.39688
-0.967731
0.254677
9.19599
-2.45702
1.53902
-2.543
2.34953
-0.501104
3.98764
10.7903
7.4043
21.9311
5.04344
5.87971
-7.38381
11.5293
-4.01441
8.09352
16.0789
14.2568
3.58286
0.135426
25.2524
5.99762
12.2305
4.73542
10.6375
5.30713
7.88397
6.68574
6.87862
4.38132
-6.03883
3.63659
10.2546
8.12362
-3.66433
6.12224
0.801373
20.7509
7.7935
2.89327
3.83537
18.8044
14.9789
13.6316
2.62502
-1.71352
-0.37146
3.07459
-2.61782
-2.30888
9.24809
4.98964
-4.27031
12.0827
17.1208
10.9916
17.6145
10.9994
10.8371
9.76567
8.71804
9.7245
10.8837
-10.6809
-0.616159
5.48081
4.61623
14.251
-5.76194
17.467
2.22349
10.4632
-11.1114
16.3179
17.7612
1.43868
-4.86164
4.26117
8.36689
15.5133
-0.856338
6.28907
6.48868
-9.44573
-12.5356
6.07367
0.822233
3.65368
-7.97851
5.2198
14.9581
13.004
14.492
5.0894
13.367
7.43571
16.9829
1.45585
14.4429
0.0466243
-0.0421583
2.64155
9.39357
8.62592
11.5058
8.3907
-3.19488
2.7727
10.8784
1.55645
6.44041
15.5011
-3.74755
2.16172
4.00355
13.255
2.74142
6.96728
15.0226
-2.05386
1.21828
9.29348
-2.19554
13.7513
15.1345
2.7944
4.53344
11.5056
-0.703475
13.6932
13.3387
6.01614
8.1553
-0.927453
-1.38774
-5.87255
-3.07047
5.43474
20.2044
19.1972
-1.11488
4.32667
6.45929
9.9661
13.4296
8.32293
-4.1378
1.59288
12.7157
1.47262
-0.185984
-10.281
12.1412
-10.4147
4.33534
7.84326
18.4773
11.3288
18.5447
-0.850596
6.16919
12.3162
4.13877
3.91073
11.6254
0.495618
12.8023
7.69749
-7.08574
2.31229
4.00107
11.6534
1.56294
3.50511
14.9005
3.9973
3.14363
13.1794
2.24449
-0.086623
9.22414
-5.37777
8.5249
6.94113
10.0373
9.95379
0.278366
22.265
1.43478
3.91287
14.613
5.39855
18.8713
5.76788
-4.83149
-13.4594
9.05927
0.852396
1.73733
2.19753
5.98708
2.29887
7.98018
7.63529
-3.3496
-2.82648
14.0049
13.1019
11.4278
5.99873
9.26326
6.18244
6.66283
2.51982
6.24536
-7.60362
8.65646
-1.34777
12.6336
2.80664
11.4032
-1.9219
5.36208
3.94277
8.87927
7.94042
2.17567
-2.03005
4.47007
9.67228
-8.30105
12.567
8.58013
12.6637
7.73492
11.5325
10.537
9.50602
5.19404
2.00399
-5.88639
21.7451
5.07675
6.33256
13.1512
2.21358
0.105859
1.20429
-0.373547
8.76245
3.84353
9.74554
-0.07445
3.41194
1.24461
3.02587
5.8895
12.2154
6.53481
12.4864
1.58732
-0.767821
-2.6032
-2.09179
-1.45845
-1.45419
7.66391
8.74382
6.64994
4.71749
2.5648
9.5083
6.59725
-0.236598
5.14121
-1.63193
6.84529
2.64663
-2.48064
-1.88574
11.5118
19.9124
9.86345
4.8995
-0.512419
4.66653
4.48191
0.283909
-11.0567
4.36536
4.01405
12.582
-0.00451827
11.3047
12.0219
4.16838
-4.5759
2.68344
5.13991
-0.443889
8.37474
13.1632
4.00958
2.23076
3.21124
8.8182
11.8279
10.1436
0.5502
5.52605
-10.2147
6.90112
14.8583
11.3005
9.93307
6.36188
6.02727
13.3886
7.58683
-2.91214
6.18805
-5.92297
0.143858
-8.55834
-3.49983
10.9259
10.8521
13.9879
11.0491
-1.06101
9.37841
5.58403
7.35271
12.6499
6.61955
-1.39142
3.40464
0.0123129
2.65671
-4.52503
3.59101
0.0681207
8.56735
3.4379
-6.90503
3.81631
6.46317
-1.92922
-0.521108
8.88799
5.16491
6.36739
3.35509
14.6389
6.22014
5.40164
1.49019
-3.55878
-3.72658
4.83464
-1.9181
-9.72809
-0.948263
0.950658
-7.04451
-1.66179
4.0367
3.44757
6.87593
3.62177
6.60115
-11.3718
-4.03859
1.60772
-2.09544
-10.748
9.99605
1.30564
8.1134
9.77263
2.21589
5.92178
19.994
6.70832
7.11748
3.88981
5.73293
12.3639
0.261573
0.487495
2.99798
0.358827
3.85793
-1.81445
1.87889
-0.945332
7.00187
0.742014
0.158374
-1.98095
7.17871
6.72708
2.33158
9.62856
4.69341
7.9083
-4.98529
-7.29966
5.06888
1.14906
4.10271
6.09714
2.10382
9.89822
7.29449
3.26341
3.56572
0.188483
4.7919
-1.90626
-0.406257
-6.83553
4.3616
1.67198
0.195844
-8.63569
-2.46201
4.51295
0.966991
-4.08627
6.40285
5.54068
4.43149
2.03129
9.84307
1.81102
7.98317
3.86013
2.75368
8.78382
-1.42554
0.871343
1.20237
0.958418
-2.98701
3.51538
-3.74236
3.82747
-0.199506
0.466327
-10.6837
-10.8166
-8.08725
-5.64984
-0.593356
-1.36314
8.92433
5.24829
0.803249
-5.16602
4.37148
7.08252
-7.77006
1.16316
-5.04178
-6.69547
-1.84663
-2.69389
-1.65952
0.669522
0.350715
-7.64044
-0.709535
4.07081
9.20636
-0.258286
3.1469
-4.43349
8.95316
8.92133
1.96131
-1.65593
-0.440465
3.50617
11.2975
0.868302
3.08847
-2.7385
0.109254
-2.208
-7.19578
-1.17911
3.79036
4.17802
-9.97282
5.96044
5.62383
-0.687289
6.13865
-6.6453
-1.48754
2.74624
-1.78384
5.17581
2.41737
10.8339
0.378911
1.55303
-0.00118041
-6.39034
5.54821
-6.90828
-5.24349
-0.291931
-2.82879
1.85642
-4.8934
-6.56825
9.43348
3.16266
-2.74716
-2.17511
-10.4684
5.28134
5.55902
11.9994
-5.0214
2.12516
6.86517
3.93499
2.45815
6.29428
2.88185
0.248576
-3.02091
5.76497
-0.403576
-3.64395
9.59108
15.9028
13.5297
8.32965
11.5799
-4.35988
0.956513
-5.30327
4.75495
0.125787
-3.02287
0.660129
0.332891
-3.56741
0.371625
-0.74182
-8.31297
-4.16001
-6.12742
-9.01209
-8.44926
-10.7688
-6.08389
0.154741
6.31035
1.20643
1.00231
-3.63758
3.18817
0.846022
-4.32207
-4.01774
1.34089
-1.36489
1.23298
-5.91073
-3.22111
-13.0111
-6.12767
-1.08653
-3.15499
-1.57122
-2.11699
-4.34352
-4.06401
-5.1947
-5.63038
-3.09474
-13.9859
-3.41669
-8.83925
1.16553
-10.6284
-13.1734
-7.41384
-6.57856
-8.82769
-0.940462
3.2367
5.91422
-3.23698
2.59065
-5.11098
-4.39829
-0.766082
-3.64622
-2.70079
0.461453
-4.73643
-1.5096
-7.88521
-5.85724
-4.48236
-3.96693
0.533351
-6.74978
3.12591
-7.38358
-0.820562
-5.46853
-4.91528
-10.2838
-6.4291
-4.57943
-11.1957
-14.5237
-9.068
-21.5419
-8.19118
-9.61111
-15.8172
-16.386
-8.9082
-17.9607
-11.448
-2.55276
2.77662
2.97135
-2.7646
1.09787
-2.55682
8.77687
-14.0308
3.61018
4.6818
-1.37777
-6.17049
-14.1447
-10.9668
-13.5096
-13.4316
-3.40093
-4.60094
-18.8677
-4.42893
-13.9986
-5.11729
-2.33808
2.58697
-3.61721
-7.39999
-12.5239
-2.04984
-4.71844
-0.245847
-13.6474
-2.3933
-10.2995
-3.38981
-5.38266
-6.3855
-13.9072
4.12437
1.12908
-11.7849
-0.931373
-8.22145
-6.33312
-4.54619
-1.8478
-7.61934
-4.08189
-10.7222
-0.954488
-2.84482
-6.60947
-7.73203
-7.06071
-9.20194
-6.11064
-6.29573
-2.61602
-12.7601
-21.0989
-6.73756
-7.63443
-11.6941
-8.75328
-2.20185
-15.8189
-3.09199
-0.221149
-8.30435
-11.5741
-15.6941
-8.16163
1.18306
-1.35091
-4.85651
-10.932
-9.44778
-1.91749
-6.38862
0.693894
-0.327075
0.676301
-13.4414
1.08766
-14.8268
-0.761518
-19.3208
-13.4657
-5.82159
-11.4521
-7.02653
-10.8466
-1.22383
-8.79138
-7.47969
-10.1824
-4.32347
-9.36162
-12.2476
-10.734
-15.3759
-20.5992
-14.852
-11.1522
-13.0173
-7.14663
-5.6662
-9.8045
-8.11617
-11.1256
-9.03592
-13.2177
-2.73699
-17.8646
-4.11359
-15.001
-7.5994
-15.7369
-13.5691
-20.6497
-8.70169
-12.6227
-9.87685
-8.43756
-12.0248
-18.1575
-7.87178
-4.36273
-4.23626
-5.27625
-11.6886
-12.1769
-14.0069
-20.6549
-10.1288
-24.9612
-10.8953
-1.19593
-5.99976
-3.87012
-8.9595
-10.7791
-9.67767
-1.15661
-2.80825
-22.4767
-10.2605
-15.6166
-11.1386
-14.2494
-13.7044
-7.62939
-5.71486
-5.74285
-11.9985
-17.9967
-7.66676
-5.87727
-14.7211
-20.8847
-7.33334
-5.29997
-17.3955
-9.82531
-13.0786
-4.79548
-11.2731
0.522069
-16.3987
-13.0961
-8.00052
-14.2382
-4.87967
-4.99425
-9.01551
-18.1175
0.786655
-5.42538
-10.8095
-8.8393
0.334051
3.34114
-1.70754
-6.38274
-4.84655
-6.71542
-26.7849
-7.50618
-12.0682
-15.234
-8.89363
-4.3642
-16.9574
-9.49394
-2.70392
-0.366344
-7.72206
-3.13518
-12.8739
-3.66796
-8.78922
-7.67202
-12.4235
-28.7637
-10.805
-16.7307
-7.05709
-11.0582
-6.20107
-5.95296
-14.5182
-14.5393
-6.12965
-9.89665
-1.44844
-8.15507
-17.8979
-5.45389
-11.3767
-16.8832
-16.1845
-6.72165
4.19892
5.26012
-8.57241
-6.8229
-2.91824
-2.00018
-6.76971
-17.273
-13.2699
-14.0234
-5.38455
-0.570553
-13.4704
-4.87477
-9.17807
-6.05062
-3.19858
-4.09141
-4.08121
-13.6145
-14.3365
-8.94284
-5.67449
-9.24867
-11.6551
-13.2384
-4.55858
-2.24963
-5.71339
-3.5703
-3.36534
-0.766757
-5.91625
-8.22127
-13.3028
-13.2845
-3.79891
-13.9999
-15.7502
-3.79221
-7.11605
-11.7285
-9.60745
-12.3447
-5.85423
-5.32751
-10.3033
-10.1816
-6.13489
-19.1972
-4.10061
-3.27596
-4.50654
-4.72499
-3.31822
-6.70922
-23.8938
-9.0471
-13.909
-13.4375
-13.3047
-14.8349
-5.87908
-6.82212
-1.80245
-6.71747
-12.2408
-8.04651
-9.92018
-13.3224
-6.99848
-11.1398
-5.25872
-22.8929
-4.65989
-24.3065
-11.6081
-9.11558
-2.99656
-13.0206
-9.42805
-11.992
-14.5149
-6.42569
-16.2019
-10.787
-10.9902
-14.1363
-4.9063
-3.3887
-7.99528
1.28077
-2.3347
3.80254
-8.5824
1.50695
-4.39448
0.0745175
-6.41991
-12.8626
-11.4372
-14.8663
-11.1508
-7.20836
-13.5573
-8.06097
-3.1868
-4.91387
-9.47062
-18.4434
-16.4584
-9.56493
-4.16194
-12.8322
-16.4178
-8.99295
-4.31728
-12.1847
-7.19049
-9.09352
-1.4818
-8.53288
0.206132
-10.3776
-12.3784
-7.42378
-7.0786
-18.0619
-7.63818
-5.20196
-4.00122
-4.42908
-5.01797
-13.7685
-10.7445
-16.4595
-8.44854
-12.5818
-7.45123
-10.3673
-16.0487
-7.91511
-13.8323
-2.44424
-1.95318
-3.26763
-9.21355
-10.6313
-15.4743
-4.51973
-5.74576
-6.28671
-15.0923
0.187809
-9.41333
-15.2431
-7.64998
-10.5848
-9.10998
-15.4303
-16.5343
-8.10875
-0.220706
-15.7556
-15.376
-18.5124
-6.63817
-6.17219
-14.092
-11.0434
-5.1746
-7.70833
-9.83843
-1.30857
-3.8127
-10.2872
-21.156
-17.908
0.0432923
-3.77545
-7.905
0.671668
-5.16406
5.52542
0.675217
-2.66822
-5.09778
-20.448
-6.17876
-6.57984
-1.96846
-11.3858
-10.6649
-0.38541
-1.64092
-5.91722
-7.29207
-3.81854
-4.7429
-22.9747
-13.0177
-7.38082
-5.31216
3.79487
-8.91821
-11.268
-9.71605
-8.68392
0.896338
3.7624
-14.4874
-5.13963
-9.77396
-5.81834
-4.62274
5.55271
2.13151
-9.63089
-8.82022
-5.6813
-14.1699
-14.277
-6.3871
-1.20138
-2.49593
-4.30345
-7.26816
-7.85379
-14.0922
-12.5499
-5.1998
-7.20685
-14.1763
-10.6552
-8.93139
-3.64933
-11.0056
-9.40399
-7.39993
-6.22896
-4.70222
-14.2001
-7.58512
-15.5274
-13.4796
-1.47666
-7.94878
-6.54873
-8.98571
-8.46753
-7.19033
-8.47838
-1.6874
-16.3027
-9.69073
-9.91698
-6.21891
-2.69374
-13.2921
-5.60115
-7.12566
-10.3101
-7.81653
-9.63481
0.873429
1.50564
0.400158
-4.38972
-8.36911
-24.8387
-6.35074
-9.04471
-7.36753
-5.88334
-7.85297
-14.7687
-18.7827
-13.2293
-7.58496
-10.5692
-8.17552
-6.40417
-2.43124
-5.73455
-6.5368
4.37514
-8.53578
-9.49674
-18.3357
-11.0858
-15.4623
-15.4342
-1.03468
-3.25181
2.0302
-2.43446
-4.26675
-9.17195
-9.85167
-0.0796845
-3.44221
-2.75341
-2.01059
-8.93036
-9.49001
-9.99149
-5.84732
-10.4564
-5.83162
-5.72237
-11.1373
-18.5864
-9.88503
-16.433
-6.39427
-7.47128
-10.8239
-14.3459
-20.4613
-13.0591
-6.42094
-4.03091
-7.00433
-5.97297
-11.27
-6.59376
-14.7724
-7.62471
-2.86239
-8.49007
0.262401
-4.38869
-1.43362
-5.63408
-17.5264
-11.2429
-9.59231
-15.8276
-19.762
-11.4467
-9.4462
-6.89669
-1.48155
-5.79535
-5.7141
-3.58965
-8.37963
-14.9525
-9.91275
-8.60988
-11.3225
-6.20834
-11.3818
-3.78377
-12.0892
-17.9942
-4.57599
-6.45191
-4.66214
-1.2173
-9.09491
-13.0531
-7.17627
-7.59063
-10.7459
0.171531
6.84151
-1.12649
-3.58153
-9.89234
-11.0389
-18.4122
-5.48788
-5.0686
-14.999
-6.77738
-4.61358
-13.5274
-11.3071
-22.6111
-12.8805
-10.7458
-8.56061
-4.79153
-2.11825
-9.96273
-2.66674
-5.30723
-3.45711
-12.9287
-1.18909
2.1227
-6.9266
-4.90398
-2.18746
-7.26956
-6.13007
-10.1199
-12.434
-6.57254
-10.0238
-13.2959
-13.8782
-3.7026
-4.36781
-3.2825
-9.86712
-6.44754
-5.01249
-3.69995
-6.6862
-10.8355
-8.79928
-11.864
-11.1546
-5.52968
-3.76853
-11.3876
-16.2751
-13.5532
-6.90494
-10.4674
-10.4348
-1.503
-4.50616
-2.05454
-6.19637
-15.8333
-9.28523
-4.20599
-15.9638
-16.6177
-13.3853
-15.8318
-6.03142
-0.792794
1.84445
-12.4107
-16.8733
-17.0351
-12.2074
-6.87454
-14.7394
-15.2549
-20.089
-11.012
-9.18288
-13.3706
-6.97833
-12.9254
-5.52138
-10.0665
-8.19951
-10.9408
-7.60443
-12.9406
-12.1751
-8.44537
-4.1545
-11.028
-18.6191
-12.6311
-22.4324
-16.5837
-15.4494
-24.8051
-8.92643
-16.1236
3.30463
-4.05405
-9.17285
-2.19061
-3.88757
-3.0352
-8.65533
-12.0971
-13.6354
-13.727
-10.2363
-3.65895
-7.47996
-17.7939
-13.5357
-11.9379
-22.0763
-8.09334
-14.9679
-14.1255
-13.2906
-15.5464
-18.2649
-24.2643
-12.9967
-8.40306
-6.48842
-6.0441
-8.04893
-14.3047
-9.60051
-3.92423
-4.07616
-12.5737
-12.7094
-4.01143
-18.2598
-5.63644
-4.42483
-5.29248
-3.7774
-18.3144
-22.6938
-16.5368
-16.4606
-18.0595
-16.2453
-15.2198
-10.5466
-15.5205
-11.5704
-7.28217
-14.2913
-8.47655
-9.1686
-8.60046
-13.5827
-6.29522
-12.7325
-8.51097
-9.64001
-8.08024
-17.8762
-15.693
-7.55583
-19.5371
-13.7393
-10.3206
-10.1415
-15.8028
-17.7523
-11.2558
-4.16751
-11.5127
-11.539
-24.4692
-18.35
-12.4792
-20.057
-14.817
-11.1062
-9.67353
-17.0894
-14.0643
-13.4811
-14.7699
-10.7102
-17.1613
-9.07898
-10.6166
-14.2054
-18.0066
-15.8361
-27.3432
-13.3419
-30.7521
-22.124
-7.9937
-5.56931
-13.9214
-0.595471
4.06265
-0.716949
-3.52491
-8.49678
-5.15275
-8.68968
-12.2166
-14.4921
-13.6972
-15.6089
-9.16118
-17.3384
-12.8606
-11.8293
-13.9581
-13.5567
-18.4982
-28.7803
-16.2429
-12.9094
-9.25491
-5.80274
-7.9493
-13.7887
-14.3903
-11.2031
-8.97315
-10.7231
-9.6902
-10.5662
-8.6082
-16.2148
-16.5553
-12.5054
-11.2402
-5.29487
-13.9463
-7.22358
-12.2834
-7.28112
-10.2549
-4.78072
-13.9534
-15.0398
-15.8693
-20.5064
-11.9172
-14.3902
-10.2815
-10.2948
-20.5623
-17.3981
-10.3902
-11.9683
-4.83502
-12.7721
-10.8731
-10.8654
-0.305884
-11.407
-7.6397
-12.4212
-14.662
-15.8989
-3.4894
-9.07147
-19.1871
-9.1968
-12.5688
-18.521
-16.684
-10.9077
-9.00739
-14.5751
-6.25035
-11.4373
-8.90328
-12.3533
-9.30063
-4.21281
-12.1413
-12.4985
-18.2334
-15.207
-9.86484
-22.0377
-4.87481
-15.8073
-13.0478
-14.9285
-6.25681
-8.62279
-14.2234
-18.3142
-17.5513
-5.88202
-9.15784
-15.1217
-13.9202
-15.1372
-11.3724
-10.5495
-14.9234
-18.5325
-18.4358
-23.829
-12.2263
-15.4074
-8.69025
-8.10128
-15.3707
-13.297
-16.0221
-12.0008
-13.5041
-6.26357
-9.81326
-4.96406
-9.52047
-10.6884
-11.0065
-9.5244
-14.8878
-14.5941
-16.0757
-24.1278
-13.0411
-10.9771
-17.8408
-4.85852
-10.3518
-13.8114
-11.1682
-13.3625
-11.832
-7.34959
-12.7147
-5.75252
-2.64402
-16.4853
-9.97278
-14.4395
-11.9798
-4.76526
-9.73734
-11.1201
-15.7381
-9.85923
-11.8982
-13.8375
-11.1626
-4.3675
-2.53233
-10.6704
-20.4735
-9.41835
-8.99375
-12.2595
-10.5474
0.56889
-5.66698
-13.6021
-5.0483
-10.7468
-9.89493
-4.12303
-1.9733
-7.20214
-14.6845
-27.6881
-9.98189
-13.6585
-18.4364
-9.80073
-13.7759
-2.63419
-5.77375
-13.48
-16.8632
-3.9311
-0.122309
-4.22256
-9.22821
-7.88255
-9.93132
-3.02965
-12.6028
-2.29907
-4.60414
-11.0515
-15.4585
-14.5602
-10.6263
-6.57142
-19.8011
-10.7521
-13.7065
-9.56839
-15.2383
-14.9783
-9.48923
-17.1349
-7.26691
-10.9967
-12.1756
-7.3892
-6.65462
-6.80826
-14.6182
-19.188
-16.5169
-8.00561
-15.0502
-13.4156
-6.04915
-9.5066
-2.81993
-5.6996
-21.6671
-13.2177
-5.85776
-18.5704
-9.65204
-3.63076
-13.6982
-20.3793
-3.58494
-9.58364
-11.4885
-18.7941
-9.69773
-5.96124
-8.12556
-10.0586
-1.49292
-8.38112
-7.99758
-11.9185
-17.9501
-11.6372
-6.68396
-10.8947
-10.7553
-11.0188
-12.5861
-10.2053
-8.01429
-6.03958
-2.73352
-9.9453
-9.48701
-8.29821
-11.4919
-3.94182
-15.0364
-3.12262
-2.16703
2.44702
-9.8554
-16.3149
-12.1883
-20.1779
-3.93224
-2.62693
-5.80756
-10.7444
-16.8015
-13.4335
-7.49928
-3.51291
-3.68771
-5.19764
-4.41512
-10.0771
-9.39785
-13.8876
-9.67648
-7.98228
-13.9012
-12.7806
-8.81567
-7.73607
-6.10619
-12.1025
-12.0419
-4.91374
-11.0076
-9.93937
-10.1843
-14.0519
-5.00069
-11.2804
-9.43887
-12.8639
-12.3756
-12.7221
-18.4526
-8.6526
-11.8566
-11.5456
-13.3444
-10.3991
-12.1062
-7.07049
-9.8458
-4.37762
-7.3062
-18.4081
-7.15566
-11.1187
-15.466
-11.1819
-7.83311
-13.1695
1.91494
-9.74084
-10.7789
-10.0842
-2.8456
-15.2476
-13.6789
-13.1336
-17.889
-14.5603
-14.2212
-19.696
-20.7779
-12.8447
-15.1378
-3.07057
-8.34349
-9.27656
-7.57717
-8.67735
-11.4901
-3.96171
-13.2109
-18.5079
-13.7072
-11.682
-2.42158
-1.19568
-6.29118
-9.90827
-12.5702
-10.5522
-14.135
-9.17863
-5.51414
-15.4536
-23.0808
-11.8276
-13.8669
-4.27367
-9.75862
-9.07085
-26.7548
-8.57876
-17.1327
-0.73069
-2.20239
-4.88549
-9.9185
-21.8108
-13.4603
-12.4862
-13.8468
-13.9345
-5.23076
-11.83
-19.2727
-13.3121
-32.2865
-12.062
-11.6469
-11.8404
-10.7663
-12.18
-12.9236
-6.61245
-1.278
-16.1906
-5.95298
-11.9161
-9.80661
-11.1673
-16.8023
-18.2366
-11.1689
-18.5577
-12.1667
-9.40563
-7.56551
-12.0499
-11.273
-9.99558
-7.19321
-5.84332
-11.6034
-9.80405
-18.4155
-19.5442
-13.6799
-13.9393
-13.7043
-9.21852
-13.7784
-9.19334
-14.4043
-13.4108
-18.3586
-8.85619
-13.1317
-10.0566
-11.1986
-13.8681
-12.8002
-10.4431
-6.47057
-11.8806
-14.8113
-6.66363
-12.5962
-8.26945
-12.6949
-18.9304
-21.7808
-13.871
-24.7392
-25.1666
-14.7595
-15.1286
-12.8898
-12.7397
-11.7767
-15.2829
-13.6153
-12.9845
-12.5893
-18.8653
-11.8564
-17.2259
-8.05382
-13.1879
-14.03
-7.30412
-10.2802
-14.6085
-4.88273
-10.7761
-15.8156
-13.3377
-9.25055
-8.93038
-15.2684
-11.9354
-13.9646
-16.187
-16.3402
-13.7109
-16.8926
-11.3752
-19.8764
-11.9281
-15.3108
-12.2173
-7.53668
-10.7018
-10.4209
-11.8501
-6.66955
-12.0598
-9.97284
-12.544
-26.2291
-18.6185
-15.5755
-24.6293
-18.0885
-11.8041
-10.9437
-18.0447
-16.1056
-8.17812
-6.21785
-6.96154
-11.9625
-13.9754
-15.1899
-14.8258
-18.6652
-20.0844
-14.476
-6.13301
-9.56973
-5.60608
-12.1946
-12.1637
-4.81953
-1.26129
-17.5033
-10.3924
-4.71259
-12.9588
-12.5644
-11.6661
-17.5458
-18.5778
-21.4777
-14.0111
-12.9728
-15.9542
-10.0919
-9.86758
-14.4967
-21.5999
-14.8627
-16.5171
-6.18159
-5.16677
-7.33849
-10.231
-11.9908
-16.6155
-11.1344
-15.97
-16.3077
-15.9158
-32.7496
-19.3153
-19.4929
-20.6635
-9.06555
-7.73261
-11.5439
-13.8331
-9.62613
-0.0202977
-7.38409
-3.93337
-9.0014
-20.1166
-15.0213
-14.3214
-21.5711
-17.2472
-16.7217
-10.0593
-21.3251
-18.79
-14.5492
-15.0369
-17.694
-6.76795
-9.95301
-12.244
-14.2848
-13.322
-16.7112
-13.6313
-12.5951
-15.9798
-17.77
-14.0524
-7.50703
-17.2233
-13.1492
-15.492
-23.1058
-11.3182
-14.2314
-13.5806
-8.0297
-6.18053
-12.4252
-10.1881
-13.0716
-17.0341
-9.09582
-14.571
-12.3558
-18.72
-18.1913
-8.61466
-13.5736
-17.2785
-12.807
-19.7291
-15.8943
-15.3344
-13.9431
-12.3377
-12.4568
-11.7173
-13.7745
-11.4808
-15.7864
-15.0074
-8.43323
-13.992
-11.324
-15.1661
-7.78723
-12.8389
-12.1532
-19.1764
-20.2817
-16.8941
-22.5749
-17.6391
-14.8472
-6.12776
-15.0832
-10.0236
-6.82279
-1.56353
-2.24374
-6.22541
-10.9169
-8.83816
-15.1433
-20.7461
-18.0966
-14.2853
-18.549
-23.5691
-17.1071
-19.6893
-12.9451
-8.68658
-10.1188
-9.71375
-18.5972
-12.6212
-15.1709
-16.7336
-12.5576
-14.4841
-23.6269
-3.58576
-7.06718
-15.12
-15.7594
-12.5021
-11.7461
-16.5091
-16.3892
-10.7556
-11.3419
-15.1235
-17.5673
-18.4194
-12.5024
-9.70806
-17.9205
-18.3545
-19.8548
-13.8685
-6.47239
-6.3999
-15.1306
-18.9475
-23.1986
-21.183
-22.9934
-19.8643
-13.8551
-17.1482
-18.8758
-19.4973
-13.3174
-5.98346
-6.92248
-5.79138
-9.54721
-12.4495
-11.0962
-15.4279
-15.3079
-12.733
-11.3072
-13.0136
-24.0402
-22.9169
-35.8148
-22.0817
-16.0729
-13.8587
-1.57694
-14.2259
-13.5368
-12.4337
-9.10104
-22.7624
-15.672
-13.1102
-3.19033
-14.9716
-8.01072
-9.19223
-1.93209
-14.9577
-17.3502
-15.8911
-24.692
-23.8869
-31.7829
-21.1784
-24.191
-17.2775
-14.9687
-16.6055
-15.6973
-11.8113
-15.4394
-11.3177
-14.1287
-10.7098
-9.61071
-15.5646
-12.5745
-22.2844
-14.7189
-9.37347
-7.36943
-2.30293
1.78655
-11.8747
-11.3692
-3.06428
-3.8695
-22.6329
-10.0629
-11.3718
-14.8577
-11.635
-16.0829
-10.6172
-9.39958
-18.8116
-17.238
-10.3485
-9.61763
-9.55889
-14.607
-15.1707
-17.1285
-16.7922
-27.0321
-16.0637
-11.4299
-11.0555
-16.1277
-11.6186
-15.9843
-14.3438
-17.6873
-14.3205
-13.1918
-18.9136
-8.80056
-5.66558
-9.41873
-12.0726
-6.23024
-10.5159
-7.47859
-23.4288
-18.3401
-16.0855
-12.2212
-14.8844
-11.7869
-21.4276
-7.08885
-10.247
-9.01229
-4.64422
-3.36291
-13.5899
-12.356
-14.3593
-7.40321
-17.4311
-11.5096
-21.1558
-8.47823
-2.73413
-9.25939
-8.37565
-10.4333
-15.61
-22.9161
-13.8845
-16.4032
-16.632
-11.9988
-10.0951
-16.2728
-14.2061
-12.3921
-9.12213
-9.5714
-6.87045
-10.6655
-10.5661
-11.5541
-12.4816
-11.5812
-15.0818
-11.2047
-4.09707
-0.887568
-2.22407
-11.3857
-17.4306
-20.6868
-16.0858
-21.5032
-16.0532
-17.762
-16.4511
-19.9205
-18.2039
-18.0455
-18.9565
-9.26974
-14.2491
-17.2072
-10.3873
-12.2035
-13.0227
-18.9353
-12.3443
-8.4162
-14.9052
-12.5984
-8.02528
-11.21
-19.7873
-20.7536
-14.0298
-10.1086
-11.9454
-16.244
-17.5508
-13.9301
-16.5245
-19.9015
-13.7842
-17.0786
-20.1157
-9.75528
-13.2335
-14.9084
-15.8591
-12.0767
-10.9484
-18.4142
-14.4006
-13.9737
-20.5504
-13.5988
-20.3136
-11.0116
-22.3719
-16.9942
-18.5439
-20.0604
-5.42901
-17.2255
-5.92458
-7.0245
-18.6542
-6.37823
-8.2814
-10.2741
-14.7905
-16.1196
-25.4906
-18.7088
-14.4094
-25.007
-20.749
-17.6043
-15.044
-13.9956
-22.1357
-17.3119
-21.0352
-9.30832
-13.358
-9.05834
-7.39578
-12.0342
-11.7507
-12.5168
-15.4404
-14.071
-21.2001
-15.7558
-21.9788
-20.3284
-17.4641
-17.7672
-17.9806
-17.8194
-1.21674
-12.6425
-19.7109
-17.04
-4.64417
-5.74007
-12.068
-6.65893
-8.4149
-11.0081
-10.1995
-18.9654
-22.3017
-15.4018
-24.3536
-21.037
-18.3676
-27.6694
-23.1722
-22.6766
-17.0059
-17.4295
-14.0528
-15.8689
-17.0384
-4.75436
-13.4385
-12.5985
-8.78225
-10.7639
-11.5848
-12.8319
-12.2732
-7.69405
-13.0095
-14.6335
-13.3021
-15.7871
-22.7845
-14.1799
-23.7671
-9.31557
-11.1551
-9.30659
-12.8888
-10.5796
-14.9955
-14.8769
-14.9301
-13.8801
-15.5887
-12.8621
-10.9922
-14.9434
-19.7327
-15.6611
-24.5329
-14.5508
-20.9556
-10.5217
-10.0379
-11.7265
-9.93141
-15.3503
-16.4042
-21.2601
-8.47152
-10.668
-8.90315
-8.52515
-13.06
-12.4001
-10.1056
-23.8713
-18.6517
-20.462
-25.3016
-17.9766
-14.2609
-10.4939
-17.3008
-16.1114
-7.41695
-7.806
-7.03822
-5.69115
-7.02625
-22.8582
-10.173
-11.7586
-23.5133
-21.1021
-12.5563
-17.6797
-17.7955
-7.56131
-10.2023
-6.61745
-14.9449
-11.5129
-8.77576
-10.8182
-11.1675
-11.897
-10.7345
-10.3155
-13.3695
-16.9408
-7.99624
-18.3403
-11.3723
-12.5797
-9.21423
-15.2591
-15.0685
-8.11658
-6.37403
-9.06306
-4.0598
-8.12963
-12.4188
-7.94104
-14.4829
-14.607
-18.9445
-23.3127
-2.73817
-8.18368
-4.54181
-18.5947
-8.91635
-12.6142
-10.3346
-7.06947
-6.09832
-7.31742
-8.44766
-18.5814
-20.5799
-9.90924
-10.6924
-14.0341
-13.164
-11.1562
-12.6822
-19.375
-16.5264
-10.7746
-12.1766
-7.95987
-12.6
-10.3808
-4.63523
-9.28401
-5.92656
-6.56875
-4.81257
-19.9127
-13.5382
-12.4884
-15.1481
-11.414
-9.51559
-8.00222
-6.45616
-13.0399
-14.533
-11.0809
-12.1988
-26.4082
-13.7907
-23.4869
-19.9833
-15.087
-14.6302
-2.68533
-10.564
-8.29175
-8.87475
-16.5587
-12.376
-11.526
-16.0651
-9.47876
-22.5972
-11.0835
-5.74878
-10.2569
-8.18316
-4.17366
-22.0445
-8.41331
-12.1987
-16.6833
-14.5336
-18.4304
-6.35941
-9.88415
-10.0633
-5.78902
-15.0876
-8.12481
-18.7871
-12.438
-9.35656
-16.0323
-12.0514
-19.749
-15.554
-9.05792
-10.7865
-5.87196
-10.6955
-16.1421
-10.4221
-14.1645
-13.8233
-8.40645
-10.7335
-27.9825
-10.5417
-12.6311
-11.2028
-6.04414
-12.0761
-7.37589
-7.91063
-5.07462
-14.7595
-15.1301
-17.5271
-23.8137
-12.5943
-22.3242
-20.8886
-19.5202
-21.3099
-12.6145
-11.1928
-10.7961
-6.2074
-12.7554
-7.72252
-18.1482
-13.154
-6.43182
-13.4161
-7.77951
-18.4673
-15.5422
-19.1334
-12.87
-16.5945
-13.5808
-14.0987
-17.1104
-19.2553
-24.7455
-15.3438
-22.6675
-5.59502
-8.63703
-5.79841
-7.17564
-12.3867
-14.438
-11.7044
-20.0843
-16.3185
-10.3141
-8.65041
-9.76147
-19.9553
-11.6393
-7.68578
-11.992
-14.7036
-15.3984
-15.9795
-12.6843
-16.4126
-13.0921
-12.2996
-5.96259
-8.00698
-17.586
-17.7853
-16.3635
-20.333
-13.7223
-19.6348
-16.5158
-15.8503
-15.7982
-9.91746
-17.5744
-10.5452
-8.30273
-12.1713
-7.49613
-14.9874
-12.8697
-15.0644
-11.4888
-18.3322
-10.5557
-7.08643
-12.4773
-25.3011
-24.5466
-11.857
-10.236
-8.91868
-12.4224
-9.02471
-14.8135
-13.0969
-10.1118
-14.3936
-17.9471
-13.2897
-13.6896
-14.8259
-13.7899
-9.08644
-11.8706
-12.7396
-14.4037
-10.359
-15.3133
-15.3099
-28.526
-15.5729
-18.2546
-16.577
-10.5485
-16.9052
-9.82053
-8.60831
-7.28619
-10.428
-8.71173
-15.6589
-16.2672
-11.1055
-7.41692
-16.6104
-11.7107
-8.07976
-14.9505
-22.1494
-19.2578
-18.938
-4.55892
-9.22079
-11.5673
-15.8807
-14.1263
-16.22
-9.4808
-7.07323
-8.47807
-11.638
-11.3617
-14.3868
-13.1361
-13.7921
-15.9285
-18.1187
-18.8174
-22.3351
-14.9249
-10.2885
-13.3326
-12.4787
-12.559
-17.9673
-13.7291
-11.6953
-6.65529
-3.42162
-13.7329
-8.67988
-14.6583
-15.8054
-17.3381
-16.1423
-16.4982
-10.9574
-19.4173
-14.3827
-13.064
-13.2267
-8.36535
-9.39104
-18.6058
-11.4865
-17.8526
-18.8773
-22.9859
-18.7715
-7.77369
-7.61787
-11.6837
-7.87499
-14.0153
-11.1355
-16.3613
-14.9231
-20.035
-15.5652
-18.2206
-13.5101
-5.23301
-21.1426
-10.1995
-12.5333
-12.3703
-12.9217
-18.8695
-15.2814
-18.766
-18.821
-12.3727
-12.0047
-12.3968
-13.4683
-7.55679
-12.8857
-13.0042
-5.01238
-6.71531
-6.45587
-10.3342
-5.52083
-10.3405
-19.4906
-11.441
-4.67335
-15.3268
-15.4288
-19.355
-16.4502
-12.3403
-14.6956
-14.6595
-11.3127
-13.7021
-15.3962
-12.6043
-11.5983
0.161361
-8.45774
-8.33663
-9.20107
-14.416
-20.1681
-15.8274
-11.2409
-11.4544
-18.1259
-9.97392
-13.3296
-15.897
-14.8415
-15.004
-13.6712
-11.2195
-12.6239
-12.7572
-11.5912
-6.9916
-10.0439
-1.65555
-9.40158
-17.5133
-17.7641
-17.4712
-16.7756
-16.0952
-26.195
-20.8394
-13.0268
-13.8418
-10.2838
-21.7905
-16.1244
-3.81058
-15.4105
-12.7315
-6.47695
-17.8669
-14.1058
-15.6659
-10.0728
-11.0556
-13.8504
-11.5191
-17.8812
-18.1481
-12.2715
-16.7334
-5.03996
-16.3451
-11.4101
-12.8135
-10.2252
-10.1257
-13.6303
-12.8636
-8.96237
-5.7727
-15.7476
-8.57621
-10.8533
-19.7038
-11.5688
-13.3584
-14.2538
-9.53059
-11.3562
-9.90006
-5.25745
-2.88839
-8.35034
-13.1462
-11.6898
-12.4302
-13.4722
-14.7152
-19.2156
-14.6376
-11.3229
-9.58302
-10.2463
-9.23857
-12.4324
-26.2705
-15.0601
-20.2026
-21.3656
-19.53
-11.8266
-9.45515
-12.202
-10.0895
-13.2529
-4.43754
-1.85624
-10.5865
-11.701
-7.09141
-8.39278
-6.1375
-15.249
-16.715
-17.0645
-8.26579
-16.4445
-13.9007
-15.7488
-11.4182
-15.3307
-16.7982
-8.11878
-6.62143
-3.72885
-13.2803
-9.88818
-12.4033
-12.6195
-23.8961
-22.368
-12.6533
-9.3692
-10.0379
-5.92418
-14.3392
-7.78298
-7.53445
-9.43276
-9.41969
-13.0686
-15.512
-9.90047
-7.15614
-9.31421
-13.1946
-9.02581
-12.9516
-15.4518
-20.1698
-10.5313
-18.5331
-9.80667
-5.68128
-8.29546
-7.17671
-3.27903
-9.61065
-16.8355
-8.37297
-10.484
-14.9283
-15.0092
-13.7411
-11.7639
-0.219725
-5.09852
-15.4314
-10.5873
-9.73996
-10.3578
-14.5334
-13.442
-13.9575
-12.7261
-4.63049
-13.9431
-18.53
-4.10895
-6.62783
-12.0558
-9.01151
-7.48135
-11.5828
-17.3326
-10.6288
-12.16
-5.66871
-14.9245
-2.42282
-12.5629
-10.2205
-7.14684
-14.4209
-16.5646
-13.725
-16.6544
-20.3725
-12.0103
-5.65002
-13.9527
-7.1722
-5.46752
-6.42245
-11.2952
-18.6524
-15.0156
-10.8978
-9.2945
-11.7123
-7.22098
-8.53524
-10.7291
-7.22521
-2.72172
-4.5091
-6.32494
-19.2401
-9.50421
-0.767076
-11.5425
-4.98068
-0.0947261
-8.77351
-10.6479
-11.3228
-4.22662
-9.05016
-6.09582
-5.96285
-4.88749
-7.32586
-8.21492
1.61916
-7.12123
-4.84325
-8.09085
-8.08029
-7.09962
-13.4438
-5.54087
-4.46286
-7.07678
-0.525077
-4.19374
-4.8442
-12.5335
-13.7379
-12.2867
-5.10946
-11.5144
-11.2562
-7.96223
-9.21847
-11.7526
-11.7062
-19.4505
-2.24927
-18.2028
-8.48296
-14.0247
-5.85534
-3.08489
-3.00943
-4.81289
-4.07815
-10.3931
-12.0465
-18.9214
-30.7976
-15.7003
-13.6128
-12.5003
-9.75712
-16.0859
-18.8703
-5.14161
-1.29158
0.817504
-6.10618
-5.56946
-0.148529
-2.51656
-11.4306
-8.51087
-9.01529
-8.11452
-23.8849
-12.8762
-16.9231
-22.1152
-11.5164
-9.11654
-15.0463
-14.2704
-11.3179
-11.717
-7.33959
1.80047
0.461472
0.292562
3.61798
-1.36023
-7.70044
-8.78807
-15.4989
-9.68647
-13.7376
-15.1346
-15.6387
-11.722
-16.6942
-15.4781
-12.7828
-10.123
-14.8588
-10.3527
-10.7689
-14.1743
-14.8277
-12.8648
-9.62095
-6.8323
-10.7757
-10.578
-13.5019
-14.6153
-9.03841
-13.399
-3.53086
0.246317
1.51438
-2.71878
3.2232
-4.25547
-13.3081
-5.89408
-11.0421
-17.5785
-9.23154
-5.95506
-12.6672
-14.9427
-22.6338
-9.9962
-10.8302
-7.20121
-6.15628
-7.34519
-5.84487
-8.07633
-9.39097
-12.6034
-11.2929
-10.1058
-10.9662
-11.001
-9.34237
-12.6628
-11.8317
-9.86452
-10.7773
-5.06611
-8.82448
-4.65394
-9.52995
-9.3835
-12.4744
-12.0494
-16.5825
-4.79214
-3.49884
-0.422841
-20.7324
-16.3706
-8.8368
-6.38445
-5.22733
-4.83755
-0.373895
-8.82702
-6.10373
-5.36273
-7.0515
-13.6234
-15.0642
-8.59146
-13.2753
-9.42408
-9.04579
-5.72734
-3.33504
-11.2081
-12.8177
-11.1096
-14.4474
-13.2897
-9.51798
-10.1572
-6.57278
-22.6969
-7.44852
-4.94825
-8.97204
-10.3018
-10.0416
-6.05453
-4.43426
-8.39316
-11.7705
-7.26486
-19.7476
-10.8167
-7.68587
-5.18993
-10.4732
-17.9308
-9.65515
-13.9127
-16.9974
-7.74573
-13.8884
-11.5114
-7.78536
-6.82124
-11.4036
-10.2403
-9.24423
-15.0963
-7.95059
-8.41599
-16.8617
-21.2774
-15.6913
-7.78051
-6.32664
-9.83911
-10.8276
-21.2298
-12.4092
-10.7929
-4.3364
-2.05638
-9.50398
-12.3639
-3.76601
-3.56493
-9.7335
-6.86052
-12.1597
-10.7508
-13.4938
-10.6776
-8.31145
-7.76956
-18.1386
-6.2142
-9.02122
-9.37768
-8.65681
-8.71875
-7.73386
-9.37948
-3.75851
-5.62939
-3.91386
-11.2959
-5.51312
-8.97999
-1.14449
-9.73086
-9.81118
-8.34101
-9.41607
-8.38274
-14.887
-9.57469
-10.4697
-6.68413
-13.6178
-17.0691
-14.3968
-13.7739
-10.4772
-8.9004
-7.5801
-6.56735
-11.4078
-10.5209
-12.4165
-3.68694
-6.16889
-13.7871
-7.11062
-10.004
-6.04872
-10.952
-9.02317
-17.0185
-13.1771
-13.7807
-7.42052
-10.5762
-9.33878
-1.05977
-10.4197
-5.29811
-5.30684
-5.99952
-7.19353
2.75243
-8.80865
-7.01518
-8.73967
-6.25257
-5.90425
-12.578
-12.2811
-9.62874
-16.8456
-9.89724
-14.637
-9.8869
-11.4079
-7.55638
-12.7279
-10.8184
-7.41595
-9.64992
-4.977
-7.37528
-3.36773
-16.1623
-10.3666
-6.47714
-6.37015
-4.70886
-6.11864
-18.4756
-10.087
-7.53219
-13.8959
-14.4288
-10.0652
-6.79615
-10.8117
-7.5032
-3.13922
-6.48736
-6.53013
-13.0997
-10.3622
-15.7301
-6.95467
-7.04362
-8.42737
-15.0981
-6.61464
-7.61273
-5.8835
-3.01733
-12.7359
-8.47784
-11.392
-5.30348
-5.99479
-5.79474
-9.90229
-11.3398
-13.608
-1.6367
-8.94849
-5.22118
-1.47684
-10.3442
-11.0413
-15.2669
-10.0726
-11.4413
-15.4572
-15.2142
-16.1246
-21.2521
-20.4676
-15.844
-17.7898
-8.42674
-2.06397
4.61881
-4.21061
-3.12805
-5.40511
-5.18832
-2.29503
-11.3867
-3.14861
-6.30172
-13.6766
-10.8328
-20.537
-17.275
-16.1065
-17.3689
-16.5929
-15.4254
-11.0993
-6.37699
-7.54208
-7.82564
-7.78705
-10.6471
-3.98673
-4.1925
-11.8509
-8.29738
-19.4689
-11.4931
-14.7223
-7.34477
-7.77138
-8.08341
-7.13514
-16.052
-10.1353
-8.53034
-4.2038
-10.6453
-12.5291
-11.986
-14.0878
-12.3033
-18.9399
-13.0962
-15.0065
-1.01391
-8.26586
-15.2113
-9.02664
-12.0721
-8.65209
-16.4144
-3.39736
-9.21179
-7.18329
-13.1748
-17.971
-12.3013
-13.9726
-10.6078
-13.3168
-14.0582
-14.7123
-6.76033
-5.59553
-11.6484
-7.18126
-7.79564
-8.85471
-12.3152
-11.796
-8.28011
-9.85604
-4.75093
-8.56383
-13.1137
-5.29918
-11.0153
-20.3981
-13.4955
-15.7396
-18.3042
-15.6028
-12.1488
-9.24989
-10.283
-13.9537
-6.38256
-8.66805
-7.84615
-8.34223
-4.10282
-7.32096
-9.61649
-7.89281
-6.09879
-7.56252
-15.5273
-13.5173
-13.3129
-16.438
-15.6065
-13.3992
-11.4212
-13.3204
-13.554
-12.0795
-9.03686
-9.02985
-7.32281
-0.0501
-4.84925
-3.92153
-11.5472
-14.159
-21.3234
-11.0666
-13.3014
-11.403
-5.59529
-16.7824
-13.5957
-9.5713
-5.83394
-8.95679
-10.8897
-12.9983
-4.85285
-11.3028
-10.3756
-8.20127
-18.0998
-5.0566
-10.933
-9.5922
-5.21156
-7.74481
-9.52722
-8.89021
-16.1804
-8.68364
-16.9498
-22.3979
-9.26848
-16.0143
-8.97103
0.0513793
-7.50014
-6.25351
-2.95355
-12.1334
-7.81591
-12.1837
-6.86093
-11.2627
-4.77322
-9.58141
-11.5012
-14.2881
-9.7462
-7.66086
-11.3511
-7.35844
-1.68733
-8.76318
-11.0365
-7.82259
-8.98344
-15.9664
-10.1783
-14.246
-19.1358
-17.8888
-11.3192
-9.30342
-8.22154
-11.3608
-4.91952
-9.26879
-5.53382
-3.04552
-13.3563
-15.5886
-15.4014
-14.5693
-9.04362
-10.4041
-9.64207
-3.58969
-8.57332
-5.94842
-6.64387
-7.09638
-10.1123
-6.26755
-9.74857
-10.8504
-9.46749
-11.7573
-8.44899
-6.40224
-5.30257
-0.832813
-15.9875
-8.50671
-13.9126
-12.1729
-9.45969
-10.0912
-5.49681
-12.4754
-9.77868
-12.4835
-8.87625
-10.5689
-12.8696
-14.9147
-15.2405
-12.7728
-4.79535
-7.53151
-8.69494
-5.63764
-9.58703
-5.25273
-10.1692
-9.42646
-7.95205
-7.07805
-9.72665
-10.5464
-11.177
-5.30515
-11.0718
-12.3182
-16.6269
-6.8101
-6.81348
-5.9452
-2.30367
-6.00214
-15.184
-12.1107
-11.6846
-1.94096
-8.40725
-14.1509
-9.54136
-5.84706
-7.99825
-10.9054
-4.38049
-4.90768
-10.3217
-13.2455
-9.0819
0.356514
-5.24478
-7.31584
-1.08641
-7.44168
-8.67751
-8.36336
-11.952
-9.02688
-9.04532
-12.5572
-15.7194
-9.35083
-12.8348
-10.1052
-1.36235
-6.75338
-4.97352
-15.8185
-10.9965
-9.89885
-8.96814
-6.36428
-6.7383
-10.4869
-7.57232
-6.10154
-6.17763
-22.9116
-7.88109
-12.2622
-6.35097
-9.92181
-3.25462
-8.29127
-7.62041
-6.69612
-12.912
-15.7976
-3.12833
-4.67038
-2.79985
2.56906
-5.00455
-4.04091
-4.75355
-4.49937
2.60508
-8.41914
-11.7152
-7.4832
-8.25161
-8.75329
-20.1532
-9.84101
-9.9942
-10.6033
-10.9569
-8.27577
-13.0105
-16.1166
-5.97499
-7.63575
-6.9996
-7.25305
-0.874657
-11.3647
-7.14069
-5.58394
-7.95757
-5.28909
-6.591
-3.88159
-8.221
-10.6111
-9.43086
-9.00572
-11.6491
-20.042
-20.0885
-10.8713
-12.5689
-11.6872
-8.49667
-4.22034
-16.2383
-4.46448
-1.8977
-5.53133
-0.179324
-1.12344
-7.98074
-9.11824
-10.5152
-11.874
-7.87048
-5.1306
-1.12027
-3.59442
-1.40417
-13.2052
-13.7238
-10.921
-9.71996
-4.68333
-7.24536
-6.87072
-7.95701
-9.08108
-4.55552
-12.4461
-5.29528
-6.66178
-9.98225
-7.38588
-18.0707
-9.28494
-7.10756
-5.68386
-7.33032
-9.10094
-3.53074
-9.67215
-11.3739
-10.7303
-11.7008
-6.1965
-6.44439
-2.56533
-11.0622
-11.729
-9.07605
-0.712281
-7.25895
-10.7392
-13.54
-6.06322
-7.05544
-5.99602
-2.06617
-7.03109
-4.48522
-10.2584
-7.03774
-8.78148
-12.2929
-2.27955
-0.628767
-6.5704
-2.29596
-2.46037
-8.96461
-11.0295
-12.1437
-14.2354
-7.89318
-15.1214
-11.0806
-5.46811
-12.6235
-15.9499
-12.1328
-11.3615
-9.70813
-1.24059
-0.427163
-7.81044
-4.95751
-12.4452
-7.60223
-4.92268
-9.41715
-6.90739
-14.989
-10.8988
-14.4726
-11.0785
-10.8132
-9.21627
-7.60777
-2.12661
-4.41463
-6.8904
-10.9346
-2.45929
-1.21689
-7.54329
-7.47324
-10.0801
-5.66145
-6.10299
-10.0938
-14.0878
-14.6945
-17.5755
-16.0679
-11.95
-20.4638
-19.5668
-13.238
-8.40671
-14.4845
-10.3925
0.960549
-0.274134
-2.89779
-5.86101
-2.37531
-14.8978
-13.604
-6.57008
-14.9523
-17.0006
-9.01315
-10.8405
-8.00478
-6.9066
-11.5915
-6.29955
-3.24973
-7.11094
-4.37883
-5.18394
-13.9489
-12.6925
-19.1847
-12.3823
-13.9904
-6.41311
-1.62873
-2.57756
-4.2181
-3.09563
-8.12429
-6.36483
-7.80571
-13.6979
-10.136
-10.7525
-15.6028
-7.20125
-14.6896
-8.61725
-9.27726
-15.8981
-2.83832
-6.08597
-9.09459
-10.331
-10.5523
-8.95181
-10.0445
-9.2842
-16.7235
-6.47084
-6.17672
-4.35096
-5.62067
-4.3144
-5.89273
-4.24426
-5.13935
-7.82902
-9.14176
-12.867
-13.8025
-7.58487
-5.25945
-14.4334
-17.5916
-11.5006
-9.7998
-2.8172
-5.56836
-10.2166
-4.5018
-8.61603
1.14947
3.08847
-2.67648
-8.6081
-17.9515
-14.0915
-11.6347
-11.6802
-9.55773
-10.9988
-13.4799
-9.86854
-4.86525
-7.86055
-8.43449
-8.86298
-12.6987
-12.3483
-8.02572
-10.8612
-10.942
-2.53861
-8.51237
-7.48137
-4.23996
-6.69371
-12.9319
-11.9532
-10.735
-13.7468
-8.9682
-14.8493
-8.99757
-5.3557
-10.4907
-7.86255
-8.63873
-10.7032
0.992461
-9.14268
-18.5398
-6.78719
-12.1789
-9.0611
-10.8996
-6.22061
-7.36981
-15.2738
-9.92704
-4.93117
-2.09198
-8.01137
-8.23305
-9.62297
-11.9624
-15.6149
-16.9281
-6.4029
-2.48148
-2.72313
-9.54949
-3.40676
0.457111
-7.03977
-5.74587
-10.8463
-8.14735
-10.5038
-12.1355
-12.3097
-11.7694
-5.44688
-6.53305
-6.04891
-10.841
-16.6789
-7.94673
-8.26015
-5.23357
-13.6023
-14.0963
-5.96606
-8.06269
-4.46344
-1.8117
-7.92124
-8.48411
-7.88554
-9.44283
-5.11449
-4.51227
-5.82626
-4.92767
-7.08578
-7.64331
0.310122
-3.7317
-8.48862
-14.4737
-7.05503
-5.6154
-5.81494
-19.8509
-17.8829
-18.8773
-9.42244
-17.4047
-9.03464
-5.83436
-10.9674
-6.80533
-6.87408
0.909631
-10.0956
-6.69022
-4.25236
-14.1761
-5.18772
-1.66908
-3.80957
-6.83436
-4.15524
-8.99967
-16.8342
-14.4562
-7.78177
-8.86535
-7.74856
-2.48952
-10.5223
-7.82685
-4.65671
-10.3631
-9.54731
-2.68098
-7.07457
-9.49634
-6.10046
-13.8941
-6.59079
-6.38848
-4.81758
-9.14784
-4.66739
-8.10338
-12.191
-8.08298
-9.63457
-5.6047
-16.4265
-8.18926
-7.4551
-7.11125
-7.523
-13.1229
-7.00461
-8.08883
-11.9963
-11.0004
-6.46407
-5.79438
-4.33095
-14.3465
-12.3132
-14.8334
-5.32977
-11.6688
-13.7631
-15.9154
-6.32209
-4.95268
-5.01648
-2.86129
-5.62758
-3.32697
-2.51198
-7.1416
-9.74112
-11.6445
-16.1362
-7.50102
-8.62543
-13.488
-12.4866
-10.1461
-6.17942
-7.24181
-7.59781
-2.50985
-14.0915
-9.06435
-5.58253
-5.00522
-14.9883
-7.41053
-5.21299
-1.64656
-10.7719
-9.29801
-10.3799
-11.4083
-8.17299
-4.81287
-10.8408
-8.58366
-10.7787
-1.337
-2.98654
-6.76216
-10.2333
-5.18307
-8.84179
-8.9369
-9.9865
-10.3879
-8.94282
-9.03768
-14.5309
-10.8745
-11.2045
-10.3703
-4.72629
-3.60604
-11.8981
-10.411
-8.44994
-7.50173
-8.46553
-2.08049
4.77668
-1.34071
-5.00058
-1.0638
-3.58459
-9.46475
-1.87723
-8.93889
-14.1632
-8.20763
-18.3485
-18.7332
-16.283
-6.43253
-9.65581
-6.43295
-10.1772
-6.8525
-7.93537
-3.85027
-5.94102
-3.53563
-11.3285
-6.94356
-4.85315
-1.11555
-0.154222
-7.19455
-10.6497
-10.7712
-6.49896
-5.74596
-7.41267
-12.0989
-4.26996
-13.926
-5.03492
-5.59804
-6.00342
-6.34337
-5.94128
-8.09543
-0.367771
-0.547802
-3.24289
-11.1552
-12.8391
-8.18636
-10.5544
-3.51941
-10.4475
-7.23957
-6.47744
-6.0163
-12.9043
-6.20473
-14.563
-3.10288
-7.96943
2.88295
-6.7368
-7.16294
-14.8688
-15.1088
-14.0111
-10.3121
-8.03841
-4.46729
-1.09901
-1.52525
-8.45735
-7.2932
-1.85101
-4.17616
-8.18161
-3.43818
-4.38546
-9.3926
-10.8848
-4.79507
-1.94848
-3.27027
-5.82286
-3.92943
-1.42956
-5.68178
-3.74443
-9.22151
-3.73973
-5.73974
-4.6628
-3.32806
0.0712682
-6.65822
-5.63638
-5.85512
-4.8093
-2.12557
-5.53613
-4.37184
-10.429
-5.84959
-6.84924
-11.434
-21.8263
-4.89326
-4.48516
-5.09772
-8.17639
-5.77885
-3.57609
-6.50012
-3.22759
-6.21429
-3.70111
-9.34298
-5.73811
1.84789
-3.25376
-4.14539
-1.25564
-7.13902
-5.63582
-4.05205
-11.8067
-11.8096
-12.1511
-5.64325
-9.68104
-2.36998
-1.80599
-10.9312
-2.8454
-5.25993
-3.91392
0.968932
-10.274
-0.232606
-10.61
-4.28671
-4.34818
-4.2944
-12.0636
-3.06088
-6.25298
-6.25827
-6.6289
-6.38614
-10.5553
-4.05775
-2.73962
-8.44084
-10.6164
-8.89322
-6.64855
-3.81434
0.87024
-3.32008
-5.67651
-6.19361
-4.3358
-5.07598
-7.55591
-3.32658
-1.01106
-8.59458
-5.09241
-3.22322
-11.5332
-3.52794
-10.2761
-9.37921
-3.54503
-2.21574
-6.85749
-3.27457
-3.47523
-6.56473
-0.781622
-4.28146
-6.81873
-7.96548
-8.1762
-6.42962
-6.68111
0.0534321
-3.21876
-0.805697
2.74121
-12.3693
-6.93457
-8.50799
-9.50803
-18.9551
-10.1975
-8.02108
-2.34202
1.11528
-4.75503
-12.3257
-5.53605
-7.57617
-13.0367
-14.7487
-6.61063
-10.2024
-5.80103
-4.12158
-11.0937
-7.35646
-2.19965
-5.44481
-1.58197
-0.784982
-3.39337
-7.89926
-1.80234
-8.1594
-9.29147
-7.62504
-10.9738
-9.58479
-8.0122
-7.78078
-9.1362
-2.74642
0.272833
-6.68661
-5.39366
-6.60091
-8.89005
-5.7753
2.20778
-2.30568
-3.1585
-8.34403
-4.84623
-7.22116
-5.97507
-8.53325
-10.104
-8.22573
-7.81339
-7.82379
-11.6005
-3.93821
-6.99596
-1.41362
-1.96812
0.417401
-3.4069
-8.03903
-3.86688
-7.77807
-9.62701
-12.1882
-6.42594
-7.02954
-2.13092
-16.0938
-8.1532
-11.5266
-12.7882
-5.98149
-1.27071
-4.06761
-4.9519
-10.6996
-3.43159
-4.70362
-4.54483
1.07394
-10.3285
-13.2479
-7.54509
-6.59224
-8.57166
-6.42269
-12.3101
-1.7127
-3.57756
-6.50629
-6.02183
-0.10278
-1.3675
-4.44454
-5.59324
-4.7417
-1.94042
-4.94581
-1.92202
-8.58957
-0.847471
-3.58289
-0.773545
-6.31813
-8.67913
-7.73332
-8.48411
-10.0654
-2.8561
-8.65622
-5.5941
-7.64584
-11.6544
-12.2095
-6.74977
-12.3136
-10.0457
-2.47436
-7.12431
-3.06517
0.260304
-2.33365
0.672303
-6.28191
-9.90768
-8.33408
-14.4949
-7.81567
-12.3635
-4.5295
3.11751
0.260281
-7.12916
-17.7063
-9.67222
-6.36682
-12.3248
-4.57004
-4.32925
-0.436536
-1.58611
-3.15977
-5.26049
-5.84083
-5.80166
-4.9277
-6.87918
-15.321
-9.45308
-15.8852
-3.41803
-4.45675
-5.02219
-10.2774
-8.85813
-9.1704
-4.68611
-8.69821
-7.19805
-1.37206
-1.19639
-1.45395
-4.35479
1.26762
-4.68781
-8.26633
-11.6873
-2.48119
2.28919
-3.60578
-4.55276
-12.6429
-8.03405
-9.55661
-13.8296
-2.77421
-4.00479
-3.8281
-3.16801
0.80068
-1.21945
-5.97326
-5.86693
-7.41991
-5.11134
-2.91958
-5.28827
-1.59032
-2.2981
-11.1556
-7.93583
-11.2758
-3.14594
-2.05423
-4.64818
-3.89753
-0.486707
-4.75411
-5.4382
-0.936375
0.178632
-5.99699
-13.8273
-11.5039
-4.24305
-7.82994
-7.86848
-11.6595
-5.51898
-4.24549
1.42215
-10.0014
-3.22936
-0.770055
1.83332
-2.93548
-5.85556
-7.3868
-1.23695
-1.13323
-4.11177
-5.86005
-8.83064
-5.26032
-2.97085
-12.2314
-12.2301
-10.4567
-3.37773
-3.14893
-3.66415
-11.708
-4.56105
-11.7073
-2.02967
-7.92514
-3.42307
-7.40479
-7.28536
-9.52664
-4.34432
0.125506
-4.48022
2.42749
-3.14816
-7.50965
-3.18615
-10.374
0.278873
-5.04406
-8.95375
-2.89039
-2.20413
-4.09064
-8.07427
-3.18804
-4.66518
-11.1048
-2.76101
-10.6948
-1.28918
1.74973
-4.8739
-1.93812
-11.4057
-9.8988
-5.44804
-5.70554
-12.4468
-6.12481
-2.11808
-9.0134
-4.43264
-4.23502
-9.22001
-3.79483
-9.17246
-6.56555
-11.1627
-5.73
-3.76132
0.641762
-1.86445
0.737248
-1.15803
-1.11031
-9.14215
-15.0895
-11.0957
-6.07546
-7.5307
-7.34281
-6.52722
-12.4833
-8.4581
-12.6821
-8.18526
-1.19216
-1.35559
-3.04249
-4.57663
-7.50824
-4.88962
0.254511
-1.85345
-2.15742
-2.02049
-8.90766
-0.903641
-5.29569
-6.76456
-12.5717
-8.66953
-4.56538
-3.26689
-1.60481
-13.5322
-6.17128
-4.83392
-9.94586
-10.4071
-8.2528
-9.2377
-11.6501
-4.25181
-6.33607
-2.06009
-4.8016
-4.90193
0.550779
-3.33108
-6.31066
-2.9098
-7.09633
-1.62271
1.97868
-0.717121
-2.78856
-2.20774
-4.13812
-0.445156
1.39565
-5.74527
0.847844
-5.44731
-6.20076
-12.0231
-11.0507
-16.1674
-13.2345
-10.456
-5.17922
-5.67664
-5.74632
-3.28701
-2.64326
-1.08283
-4.40333
-6.19953
-0.067475
-1.52156
-1.95964
-5.17313
-1.43297
-0.173802
-0.420529
-3.64569
-5.95402
-9.28116
-3.33834
-9.29297
-15.1146
-8.5806
-9.35823
-9.82369
-11.4408
-8.05833
-4.57632
-1.21238
-8.01185
-8.86189
-12.0595
-5.26672
-3.46224
-4.44891
-5.30426
-4.36429
-6.15327
-8.64438
-7.4723
-9.40848
-3.27169
2.99847
4.23841
-4.90721
-5.95527
-6.36402
-7.90256
-5.13474
-2.42422
-7.6388
-6.30297
-3.67713
0.699643
-9.30798
-6.59075
-1.19305
-4.83905
-9.45296
1.36717
-7.30884
-5.82787
-0.301832
-6.31486
-4.28107
-6.01153
-3.81509
-3.48804
-6.37052
-3.2205
-7.60214
-9.19363
-8.96196
-11.923
-2.17505
-8.13742
-9.16646
-1.40113
1.41835
-4.90541
-6.17091
-7.77283
-0.441075
-5.14437
-13.259
-9.5127
-6.50865
-9.58564
-5.71364
-6.69628
-11.5906
-6.83125
-10.9583
-6.42608
-10.733
-7.03021
-4.69147
-5.53362
-13.1632
-7.14681
-6.50448
-7.29532
-2.11181
2.83294
2.58356
-7.15741
-6.57737
-7.0872
-10.6519
-7.92689
-3.58508
-7.23823
-7.00739
-10.36
-14.5593
-15.5264
-3.81365
-4.17888
-0.534243
-4.89996
-5.3479
-8.2899
-9.83611
-2.69953
-8.44728
-3.79668
-5.78907
-1.65309
-7.80108
-11.0692
-11.7524
-13.926
-16.0376
-7.12123
-11.8906
-4.73799
-3.06151
-10.816
-13.9571
-5.37402
-5.02246
-7.24339
-5.40379
-7.75931
-6.13525
-5.57068
2.38618
-7.24907
-2.73067
-6.68789
0.826764
4.62806
-8.45674
-4.32041
-12.3234
-8.09305
-6.47857
-18.3327
-8.89259
-12.4676
-4.82854
-5.7288
-14.5687
-15.8669
-10.6193
-5.16099
-8.88618
-7.28248
-1.36217
-8.70939
-5.32325
-1.73174
-5.29751
-2.91243
-1.80712
-2.49984
-3.05313
-9.21535
-14.6908
-13.0999
-10.2018
-8.39867
-24.8397
-12.2161
-7.7481
-7.48239
-7.45826
-6.36414
-9.80186
-6.13251
-9.37944
-14.996
-5.23738
-5.90573
-3.50612
-6.82996
-6.05069
-9.38418
-5.12131
-9.35415
-4.0596
-0.0438514
0.0887475
-7.03142
0.227096
-3.54713
-4.81209
-3.76016
-0.263266
-5.04221
-9.8823
-12.0576
-14.5112
-12.2768
-8.19707
-8.21434
-11.9816
-16.919
-6.93072
-5.37984
-9.04545
-9.23793
-7.32543
-0.77244
-6.37821
-3.92916
-10.1117
-9.42631
-11.9538
-2.03215
-4.11292
-8.08335
-8.4313
-12.7001
-1.43995
-9.66193
-8.08335
-16.3075
-15.9156
-10.1724
-10.1025
-7.73655
-6.30222
-5.73626
-11.3233
-2.52944
-1.67401
-8.7455
-7.33802
-12.5813
-16.5228
-7.25894
-11.5367
-7.26814
-4.4513
-4.63664
-4.32095
-5.68737
-5.46236
-2.00281
-11.3352
-10.5219
-14.4259
-12.2593
-12.2789
-7.0958
-10.4201
-7.08716
-4.86879
-10.0437
-0.903945
-8.88002
-8.12756
-3.82399
-8.90397
-14.0693
-12.5857
-6.35374
-9.11017
-9.13466
-5.83997
0.361267
2.06993
-1.99249
-0.652456
-5.18316
-6.53479
-2.01233
-9.98056
-11.3177
-11.2236
-13.3277
-7.76965
-7.52637
-8.7948
-9.05445
-7.69371
-12.6554
-10.1413
-8.27037
-11.8725
-6.51001
-10.2722
-5.82056
-6.80013
-5.03024
-6.28072
-2.74854
-0.76211
-2.53546
-7.50287
-7.70581
-6.36194
-5.77272
-5.14251
-4.26694
-7.12057
-9.57499
-6.54012
-2.24234
-1.63327
-6.40908
-15.1332
-12.4874
-9.13818
-3.6561
-3.41677
-1.25217
-6.87423
-2.28079
-3.70135
-4.33015
1.12274
-3.87606
-7.3558
-7.40385
-11.3055
-9.2352
-3.40951
-9.32974
-5.43431
-15.3847
-8.28818
-11.0013
-10.4706
-4.18112
-7.74418
-10.1983
-15.449
-9.78351
-8.89408
-13.14
-5.92277
-0.126035
-5.54164
-9.51724
-1.84083
-15.1695
-1.91691
-10.2315
-13.9294
-7.50196
-8.00794
-7.90862
-13.7122
-6.45997
-8.6619
-5.49841
-3.47691
0.415338
-0.295148
-4.46403
-8.93803
-3.26361
-0.573519
4.64683
-3.50657
-0.474672
-7.65608
-4.88014
-8.17815
-12.8426
-7.06674
-5.2097
-19.5784
-9.99084
-14.8035
-4.99622
-2.03047
-4.55753
-2.934
2.83839
1.5903
-2.12082
3.33219
5.30781
0.377334
1.27681
-8.65577
-12.1364
-4.11649
-5.01509
-8.4755
-14.4848
-7.63933
-10.235
-8.22933
-3.02164
-3.10052
-7.42955
-3.15279
-2.82366
-10.0901
5.93712
-1.47492
-2.46874
2.93543
3.86253
0.943356
1.43475
-4.25135
-1.98867
-2.45623
-4.79891
-6.46795
-14.2644
-12.8819
-9.60727
-0.314556
-6.03345
-6.25642
-4.26269
-7.76073
0.385089
-6.26154
-0.18094
3.12502
3.12337
-2.07193
-0.390636
-6.63367
-2.92997
-12.6602
2.43881
-0.380147
2.2408
-3.44621
-3.66404
-4.75453
-6.39974
-5.68808
-8.21511
-14.4179
-21.7502
-12.6344
-8.6797
-3.73594
-0.896248
-5.31878
-4.52878
1.12068
-8.21432
-6.81235
-7.10942
-7.29835
-5.75115
-3.29369
-6.89043
-1.52144
-7.09824
-6.34607
-6.23409
-2.10414
-2.90409
-8.18882
-6.25695
-13.1637
-7.07439
-4.91853
-3.93287
-5.12949
-11.7267
-10.5433
-2.78237
-7.17776
-2.95482
-6.61005
-9.15143
-14.1487
-5.1894
-9.53918
-11.7753
-10.0576
-3.11265
-1.25276
3.44444
0.277257
-4.37482
-7.95981
-11.0037
0.24335
0.503641
-1.94903
-2.47224
-3.37844
-9.95132
-12.4598
-6.05204
0.422956
-3.42518
-8.06276
-12.2291
-8.03674
-4.10217
-8.16542
-7.86265
-0.745203
-6.08633
-3.0873
-5.21505
-8.61443
4.26536
-0.137676
0.832384
-5.31259
-8.72739
-10.1668
-5.90924
-9.79296
-5.33329
-1.38514
-8.78004
-6.81892
-9.04965
-9.14186
-4.67772
-3.09557
-3.84501
-3.55862
-6.26551
-13.309
-8.95227
-7.34732
-5.06551
-3.90907
-10.1068
-11.0853
-3.67485
0.108479
2.62824
-0.722273
-6.77146
-8.17942
-8.2574
-7.69053
-11.8194
-6.66426
-8.27199
-13.2827
-4.49506
-7.61307
-1.8497
-6.96713
-10.2848
-2.71188
-13.2749
-7.47529
-2.21345
-8.29882
-6.00034
-7.46467
-2.7431
-6.41786
-6.17922
-3.28546
-6.09791
-6.25531
-10.8979
-5.67144
-6.72966
-7.18246
-11.0449
-8.7882
-12.1138
-11.0629
-6.39267
-5.00699
-1.72039
-6.94918
-9.05689
-5.73222
-3.59394
-6.13067
-5.83588
-7.11773
-8.45421
-10.2247
-15.2859
-7.13625
-14.6515
-8.89512
-13.6378
-11.8268
-11.3088
-5.02192
-8.05522
-5.55743
-5.34431
-5.42189
0.663699
-2.20881
-8.77592
-3.87849
-6.66583
-7.2556
-4.82
-5.45252
-0.4318
-1.8993
-8.29365
-8.89205
-6.50622
-9.99476
-8.88966
-10.2793
-7.03079
-11.4645
-7.01062
-6.25779
-10.1517
-11.9807
-8.52242
1.34627
-2.57946
-2.73727
-10.4445
-8.94008
-4.34921
-11.4238
-10.4772
-4.96713
-0.49718
-5.36342
-9.01439
-7.86911
1.74444
-8.04999
-5.60969
-1.64024
-3.77259
-7.60328
-8.14249
-3.04013
-10.4571
-8.91698
-7.24236
-11.6031
-8.77557
-11.9614
-17.6379
-7.77251
-5.1158
-6.33103
-4.09013
-6.36354
-4.57207
1.37315
-5.77356
-2.74179
-6.18442
0.959001
2.71996
-2.77411
-6.58256
-8.26019
-9.65793
-12.7067
-9.06415
-8.59642
-7.16271
-6.06503
-5.65339
-3.50991
-6.48539
-9.22299
-9.50439
-8.35439
-11.3082
0.893526
-1.02866
-5.31091
-4.24984
-2.37863
-8.84366
-7.32256
-5.93917
-10.3259
-6.35674
-3.28292
-1.89339
-6.20798
-9.02089
-9.56386
-11.7231
-10.1173
-9.94543
-7.13573
-10.7626
-9.39687
0.861404
-0.31378
-2.3867
-9.05657
-1.94046
-2.6145
-6.16392
-8.95079
-5.49187
-4.33371
-4.12831
-5.41697
-6.63057
-5.92639
-15.0693
-13.0842
-14.8436
-6.49364
-6.60083
-5.22137
-10.1901
-14.4371
-5.13053
-3.90394
-5.70505
-6.33348
-6.12695
-12.1443
-2.94125
-3.31508
-1.54076
2.14351
-3.21433
-6.94744
-13.0179
-16.8124
-12.2778
-7.04916
-8.42832
-9.9759
-7.06912
-8.4161
-17.9743
-5.97733
-5.83037
-7.2721
-7.03158
-17.4623
-2.55612
-1.39743
-1.60838
-5.22037
-8.0663
-0.949115
-1.8879
1.37446
-2.44897
-3.46749
0.981232
-2.46513
-4.52442
-1.11829
-12.3342
-7.73097
-2.12498
-10.1971
-19.1318
-12.8335
-11.5184
-9.30008
-7.55327
-11.1098
-9.09599
-9.51518
-5.96164
-11.3334
-4.46711
-6.26087
-1.3913
-7.82927
-6.58021
-10.171
-10.8052
-5.58002
-1.63439
-1.89856
-11.7763
-9.63618
-4.0156
-2.33511
-4.0349
2.82293
-3.79984
-11.2095
-11.7297
-8.88345
-8.62351
-10.7506
-10.2622
-9.00273
-5.41647
-0.0997477
-4.35073
-7.79167
-5.31566
-3.69983
2.44197
-3.46224
-7.70546
-7.56329
-3.74205
-8.11313
-3.68755
-3.91152
-1.24886
-2.27582
-8.48795
-3.48381
-3.71938
1.92891
-11.9797
-9.39262
-7.95072
-9.48311
-6.84396
-7.03976
-4.14848
-1.57286
-4.90823
-15.2238
-9.10428
-8.34818
-7.09986
-15.6016
-7.29031
-6.32782
-9.24306
-5.22952
-6.91398
-11.9577
-7.06629
-4.34249
-9.55859
-4.6168
-7.94786
-5.0806
-4.76966
-4.11579
-1.28565
-3.2008
-8.71818
-9.62172
-5.49575
-7.34544
-7.5523
-7.8615
-13.4502
-8.93978
-5.66417
-5.08553
-4.25563
-8.68223
-9.34054
-2.77403
0.856657
-0.71903
-5.04798
-2.22283
-2.66724
-2.23932
-9.76603
-2.76893
-12.5557
-5.74929
-6.63082
-4.38944
-6.5702
-8.99227
-0.647181
-9.79189
-3.93646
-7.8572
-7.07779
-4.30789
2.30281
-0.688289
-0.585553
-0.959291
-3.66698
-4.03625
-4.28803
-2.80282
-8.81542
-3.02801
-8.91464
-6.23116
-5.97202
-8.33884
-8.80496
-12.7511
-8.65305
0.00115573
-5.0896
0.38082
0.984033
-4.6107
-3.23185
-5.60988
-9.96102
-19.2294
-8.79352
-6.50026
-5.3584
-3.12662
-17.3484
-9.7024
-9.04498
-7.42461
-10.3452
-2.59803
-12.4877
-11.0661
1.07291
-1.79175
-0.848516
-2.01415
-4.94676
-7.1479
-9.53859
-9.25834
-9.6729
-13.7278
-2.64861
0.0752263
-0.865573
1.39374
-6.48315
-5.44982
-11.624
-11.8385
-6.17729
-2.55001
-11.0688
-5.8621
-14.0526
-11.7606
-6.79805
-12.1917
-9.269
-4.65729
-6.15707
-1.8835
0.269502
-3.92119
-7.54977
-4.98022
-1.89067
0.123038
1.1009
1.86399
-3.27279
-6.04565
-4.35078
-4.406
-5.93589
-10.3591
-9.56375
-8.70915
-3.24228
-7.1424
0.0855694
2.74799
-6.14638
-2.8294
-4.99993
-2.21543
-3.55892
-6.33335
-6.47364
-3.81258
-11.4331
-12.7234
-12.0632
-7.94984
-8.32161
-5.14823
-2.36294
-7.15638
-11.1766
-8.17407
-5.35029
0.736157
0.441007
-4.98316
-4.20212
-3.01963
-1.38478
-10.3547
-10.9296
-12.5624
-13.032
-8.89863
-7.02622
-6.99217
-13.6753
-11.9401
-4.65419
-1.23605
0.227703
-0.533
3.26749
-4.06286
3.18199
1.75535
5.46299
-4.19154
-12.5519
-3.74229
-4.70732
-4.33411
0.173758
-7.43404
-10.7245
-10.2483
-0.667119
3.63644
-1.95824
-3.03584
-3.21179
-6.69979
-6.8593
-7.53848
-0.665861
-15.5236
-3.91087
-5.90692
-8.68186
0.291784
-5.3343
-11.808
-9.17546
-7.97446
-4.11105
-2.54811
-3.03952
-5.0832
-8.35344
-12.97
-8.9713
-1.93967
-0.55728
-4.77504
-6.34627
-5.02182
-5.43813
-2.08051
-8.42489
-15.9902
-18.9134
-7.07367
-11.3907
-5.90484
-8.48946
2.49448
-6.86959
-5.14789
-6.79005
-0.953936
-2.86162
-7.02552
-5.60478
-6.83299
-9.89935
-5.60663
-6.9362
-4.79077
-4.81444
-2.57067
-10.4373
-9.60869
-3.61579
-12.6176
-3.36402
-4.92684
-10.3096
-2.80339
-2.88792
-7.30082
-10.5217
-6.82619
-1.91919
-2.72125
-6.09634
-5.62649
-2.78554
-3.96763
-8.63838
-4.03985
-4.1516
-3.99685
-4.73006
-11.8451
-7.89202
-4.22825
-11.9982
-1.32977
-8.60702
-7.03708
-6.53662
-10.1647
-9.63978
-3.55479
-6.9773
-8.17229
-5.21788
-10.4811
-6.73682
-9.79641
-6.24955
-11.6052
-5.34578
-6.39534
-5.35838
-5.21095
-0.804472
2.42875
0.432741
-4.91872
-4.94416
-4.43286
-7.28841
-0.429162
-8.01661
-6.41106
-8.36503
-5.55751
-9.87006
-11.1831
-6.77122
-3.89398
-1.04557
-3.44692
-0.213067
-4.29107
-7.67073
-15.6525
-4.31982
-4.60046
-14.8807
-8.5139
-12.3029
-6.54494
-4.30267
-1.66826
-5.17094
-2.55405
-4.30738
-4.16012
-4.58975
-5.70004
-8.86513
-4.98079
-5.32632
-8.8243
-4.496
-3.45016
-3.86669
-8.14981
-1.02578
-6.79244
-3.87073
-9.77169
-5.13862
-4.3648
-10.3398
-1.37854
-0.550988
-8.30078
-2.68644
-1.8838
-6.01279
-7.34659
-8.41404
-10.2615
-9.82272
-8.51839
-14.2998
-7.86615
-13.7281
-6.5008
-9.80321
-7.11275
-4.28707
-6.67839
-1.07236
-4.23442
3.50427
4.82029
-4.44246
-2.09055
-11.0585
-9.80206
-8.45525
-8.05393
-2.30071
-7.59274
-4.70659
-11.4881
-10.6242
-5.70526
-4.66245
-11.8244
-2.62446
-8.04943
-8.12918
-9.91192
-1.39725
-1.34766
-11.9411
-10.5249
-10.2066
-7.5705
-11.4715
-5.01781
0.970524
-6.75232
-8.93454
-4.30055
-5.60763
-5.91322
-5.26711
-0.46195
-2.68602
-10.6273
-6.51578
-7.45885
-4.81282
-2.0922
-1.38692
-5.70943
-7.40566
-7.67564
-11.4513
-10.478
-3.66037
-4.49094
-10.7367
-4.86208
-1.13826
-5.49361
-4.35351
-5.75941
-1.68918
0.417673
-1.49853
0.0129822
-11.3416
-7.32558
-2.86627
-0.709066
-4.90961
-2.24174
0.631369
-11.5873
-9.90075
-4.80768
-6.43648
-6.20145
-2.96582
2.10367
-5.11945
-7.05945
-0.593507
3.3997
3.66238
1.55041
0.939458
-9.5465
-3.48814
0.0553433
-11.6538
-9.46983
-5.864
-8.3321
-6.19101
-0.145697
-4.88886
-6.53681
-6.34804
-5.31887
-5.36335
-8.43025
-9.22333
-9.73338
-4.36996
-1.38268
-0.171446
-2.21974
-1.3051
-0.435664
-3.87175
-1.48145
-7.2502
-8.7223
-14.1792
-9.59933
-7.01568
-15.9302
-7.10757
-0.606679
2.04879
-1.70654
2.66454
-4.21512
-3.08199
-0.542854
-5.07686
-5.57687
-13.9849
-11.0416
-7.8413
-1.82511
-9.20022
-8.90253
-5.4421
-8.96203
-4.09607
1.06423
-0.080637
-5.1535
-7.57404
-13.4458
-9.57714
-9.41045
-10.3933
-5.94047
-5.23822
-5.56543
-3.39185
-1.48534
-3.83007
-7.4763
-9.93645
-13.0789
-3.9136
-6.50387
-5.33171
-8.1458
1.23702
-6.82729
1.0568
-2.78554
0.168071
-4.56805
-6.25259
-1.25763
-4.4126
-3.60595
-6.20919
-11.2326
-3.9313
-10.9688
-1.5896
-8.45038
-5.39662
-9.88838
-9.29843
-14.1839
-2.79361
3.27941
-5.31933
-2.48188
-3.35935
-3.36305
-2.29942
-3.18995
-8.97411
-11.267
-7.09967
-4.85746
-5.49988
-5.62644
-0.384344
-4.94854
-9.95376
-5.01657
-5.65308
-5.40945
-0.888017
-3.28437
-4.81915
-3.26819
-3.13077
-2.92763
-6.37593
-12.1874
-9.27252
-9.96196
-3.2486
-4.45311
-13.3033
-7.70299
-4.45676
-6.08822
-6.83717
-0.732745
-0.871034
-1.19933
5.26703
-1.83238
3.27298
-0.839469
-9.16273
-9.92745
-12.5429
-10.3336
-5.93215
-3.49567
-0.728347
-8.41207
-6.83004
-5.28743
-5.21591
-8.00021
-2.7466
-3.43242
-7.5064
0.431747
-0.239773
1.32484
-0.789558
-1.38255
-6.29399
-7.9519
-7.71944
-6.21412
-8.05437
-3.63178
-1.74952
-9.14191
-7.88805
-9.31799
-4.146
-12.0092
-5.34143
-8.19748
-8.99413
-10.0215
-3.30266
-4.17218
-5.82124
-6.6909
0.99625
-4.84308
-1.7519
-2.14635
-9.62774
-3.25082
-3.72817
-2.91659
-11.8161
-5.85209
-10.0188
-8.08503
-9.25832
-5.68392
-1.00504
-1.70882
-1.56656
-7.6119
-2.90492
-5.10639
-8.82465
-7.43627
-5.50936
-5.65982
-10.1952
-8.44579
-5.87669
-6.76041
-10.6922
0.799664
-3.06373
-0.145596
0.923667
-0.99707
-0.4162
-5.13692
-7.62829
-4.39886
-3.44575
-8.74872
-4.04947
-3.27584
-3.33203
-7.23044
1.73603
-1.77254
0.731959
-4.99099
-10.5197
-2.9336
-4.3633
-7.34853
-5.78072
-6.52775
-4.09636
-14.4641
-7.83723
-2.21556
-4.05291
-5.50735
2.36827
1.86629
4.78542
-1.52546
-8.38986
-12.5639
-9.33975
-2.3874
-4.66095
-8.7909
-2.40747
-0.877472
-2.45327
-4.49275
-0.760225
-2.42069
-4.08525
-3.95811
-2.32007
-8.88331
-8.77503
-10.3719
-5.65251
-5.94515
-10.9547
-12.7443
-4.45489
-7.26901
-2.53945
-6.66891
-0.241535
-1.31269
-3.76453
-2.91538
0.564501
2.14168
-1.74362
-7.71312
-10.6146
-3.48147
-0.201181
-1.60596
-2.89594
3.27172
-4.88462
-4.81032
-7.44909
-1.44251
-7.06909
-2.87229
-4.32682
-3.26497
-7.069
-1.83568
-7.8833
-3.48659
4.01532
-0.980394
-4.268
-5.28214
-5.22302
-6.7802
-9.23339
-6.40065
-0.891294
0.00863279
-8.37338
-5.08932
-7.59507
-2.83469
-9.20452
-2.85712
0.295456
-2.06042
-2.95561
-7.21795
-3.30088
-4.57178
-1.66392
-4.98563
-8.25265
-1.58756
-9.69277
-8.72978
-2.80952
-5.17539
-0.799246
-6.02459
2.04384
-0.670678
8.72927
3.69697
-1.22018
-4.84529
-11.6473
-10.2647
-4.26999
-8.59122
-8.41532
-4.75518
-2.26286
-2.89731
2.29792
-4.34589
3.14604
-0.0494097
-5.54249
4.62081
-2.249
-1.08676
-5.5154
-1.62949
-3.83124
-6.08134
-4.2796
-0.87114
-2.93126
-3.69391
-0.113657
-1.28402
-6.80567
-1.76429
-2.46234
-5.08446
-8.53477
0.583362
-1.01515
1.59018
4.3791
-1.15653
-5.23664
0.856666
3.37334
0.834724
-2.37964
-3.29108
-8.30737
-6.55194
-4.30498
-5.31213
-4.44005
-10.481
-8.26493
-7.54586
-6.53997
0.953918
-1.09364
-5.76894
-0.235425
-3.26003
-8.01608
-2.9172
-2.91454
-1.77635
1.80437
-2.22201
-2.0782
-6.53014
-8.00336
-3.99444
-4.39463
-1.24759
-5.35769
-1.89022
5.83488
2.32377
0.867273
-0.70301
-6.4798
-3.96921
-4.43612
-7.54838
-5.51782
-2.73742
-9.87239
-1.75479
-11.7898
-5.37927
-2.17818
-6.27559
-3.36024
-1.44828
-0.744628
-4.72182
2.83978
-4.09248
-3.15103
0.0598436
-5.44348
-3.42135
-0.0468102
0.938627
-8.73964
-0.395218
-1.64924
-6.17501
-5.14308
-7.09877
-5.23218
-4.68687
-2.09577
-0.46517
0.70115
-4.5161
-7.34462
-2.16133
1.80951
1.11464
-1.19783
-0.940651
-4.65028
-10.741
-13.7307
-5.67814
-5.86268
-8.82109
-2.05839
-1.61218
-7.53852
-4.35945
-4.31589
-6.00336
-6.2173
-2.56377
-0.527913
-5.38072
-3.66639
-6.07904
-6.57177
-9.27713
3.35313
0.664217
-4.57015
-4.13559
-8.17342
-7.24628
-7.45389
-7.75013
-3.36935
-3.89408
-7.00795
-8.60189
-12.1115
-2.60554
-5.73854
-0.0169117
-1.07415
-5.96878
-0.619939
0.459785
2.82992
-4.12847
0.448109
-6.53503
-5.15465
-1.27573
-2.37357
1.87234
-5.52769
-0.00857568
-0.733421
-9.14344
-5.38249
-3.30757
-1.27932
-5.76868
-2.88932
1.09994
-2.40784
-5.18783
-7.00501
-2.44254
-3.75123
-5.42616
0.376947
-2.66022
-2.57642
-7.02318
-1.88622
1.59482
3.11745
0.865741
2.66068
-0.442599
5.19557
-5.41027
-7.0066
-8.50616
-1.47765
2.35228
-2.52175
-5.48947
-5.72544
-7.25663
-5.36164
-5.53967
-3.44784
-5.95485
-6.69934
-2.44373
-8.61073
-2.76757
-5.85131
-1.54917
2.5727
-1.47507
-0.28472
3.59849
-3.33627
-2.88325
-3.04222
-0.247719
-2.84892
-4.16237
-3.3382
-3.26278
-7.83375
-7.5787
-0.511748
-2.92049
2.27814
-1.03285
-1.55619
-9.02565
-2.06575
-1.21226
-4.24249
-1.25612
-4.04782
-4.94151
-7.75191
-2.96149
-6.25298
2.93844
4.2921
-4.05563
-5.86479
-1.7781
-4.31018
-0.644665
1.28214
-1.65918
-6.88642
0.703374
-1.27693
1.73556
-6.29853
5.61103
4.65224
5.64761
3.16115
1.90618
-2.4658
3.01268
-7.47391
-8.31281
0.752789
-1.28562
0.0385589
-2.46735
-0.906278
4.13597
3.13208
-0.500076
1.5845
0.691079
0.543225
-5.26109
-5.71339
-10.8425
-9.0015
-5.17417
-1.65998
-1.69211
-0.0832946
0.41191
-1.26721
-2.50318
-3.01871
1.82062
-1.64712
1.33204
-5.63923
-0.940212
1.35327
-0.474329
-3.75425
-0.823239
-5.18196
-9.89559
-3.13149
-1.66528
2.93138
1.65208
4.49633
-1.26966
-1.8254
0.729376
-2.75978
-3.4156
-5.00758
-5.01135
-3.26583
-1.26859
-2.06657
-4.59634
-4.74324
-4.34966
-2.99347
-5.92993
2.11718
-3.53821
4.19321
1.86883
-3.95551
-5.52202
-5.06323
-4.08281
2.18213
-2.8231
-0.796533
-1.41251
1.61266
-2.33714
0.930912
3.83569
0.306077
-1.87466
-7.31973
-9.05806
-8.44506
-6.40061
-4.65904
-4.50372
-6.345
2.80298
-2.53654
-6.49102
-2.05073
-5.50625
2.253
-3.7207
-0.998558
-2.01929
-8.93258
2.95709
1.25362
-4.48198
-6.289
-3.18348
-0.301057
-6.6738
-2.0004
-4.78552
-5.92885
0.258959
0.774923
-1.01108
-4.67004
-1.44242
-3.83802
-0.611088
-3.49758
-3.1708
-9.73334
-3.87411
-7.64798
-0.0583093
-0.421178
-9.39198
-2.39466
1.965
1.02468
1.03434
-5.02375
2.40753
3.3177
1.58486
2.66774
-2.15769
3.18984
-4.92511
-1.3675
-3.99902
-6.48181
-6.23084
-9.14631
-11.2431
-1.35845
-1.87269
1.86421
3.44768
1.66768
-6.27394
-6.84341
-4.2855
2.92026
-3.45121
-6.25106
-3.0472
-2.32225
-1.42713
1.68336
2.84797
-4.57535
0.905149
-0.667279
2.67811
-3.71507
-1.59732
-5.72039
0.221682
-4.54573
-1.66391
1.19585
0.200294
-0.941176
-2.27223
-1.39159
-2.28409
-1.13881
-5.35895
-3.78698
-4.48346
3.64944
4.37098
-2.50709
-5.30794
-2.45133
-4.04613
-4.45043
-6.6395
-4.52993
-1.85377
-0.295874
-5.73582
-2.00371
-3.66097
2.48537
1.08439
-2.783
3.47153
-1.70758
-4.53982
-0.905088
-0.429561
-1.19896
-2.23514
-3.96595
0.973487
-3.57368
-2.10859
-1.29773
-5.87748
-3.48049
-2.62912
1.50786
-1.11681
-8.74516
-4.64789
-5.72102
-0.9137
-4.22303
-16.0986
-0.850605
3.05486
-5.85592
2.86969
-0.878103
-0.163484
0.94806
-3.97777
-3.1778
-11.8698
-7.88544
-4.03039
-3.39079
-4.02118
-12.2347
-10.3165
-4.15067
0.0282485
0.12531
3.02494
-2.49061
-1.41979
-1.02808
-2.12709
-3.73193
-2.00744
-3.82673
-5.26654
-0.91692
-4.96759
-1.27607
0.464686
-0.183514
-3.05039
-3.88468
-5.96722
-0.863836
-1.74605
-1.24213
-3.81648
0.848829
-1.69702
1.32745
-1.25682
-3.26353
-8.79094
-6.30934
-2.22346
1.07818
-6.1237
-7.71515
2.58562
-4.04198
0.125135
-3.04503
-4.60303
-2.12471
-4.35426
-3.43263
-5.37787
-3.64948
-0.677693
-1.08568
-15.1528
-4.64709
-7.25695
2.23915
1.68999
-0.736458
-8.82647
-1.61626
-3.90926
-3.1695
-2.43236
2.83856
-6.39182
-14.681
-2.26559
-6.13145
-5.04545
-4.03839
-3.16046
-0.94643
1.33838
-3.20532
-0.755626
-1.4914
-11.201
-6.02003
0.998025
3.02455
-0.865402
-0.0779224
-1.32488
4.3156
0.0983432
-5.40044
-3.96222
-5.85457
-5.08451
-0.940926
-3.33083
-0.197715
-1.91635
-4.03703
0.551991
-4.15621
-8.83836
-6.57832
-7.42809
-2.35312
-2.22471
-4.41151
-0.923557
-2.99035
0.943313
-3.07269
0.0621654
2.39933
-5.15569
-6.59768
-3.72206
-1.13671
-2.90682
-7.58183
-8.14495
-4.96898
-5.2964
-3.9528
-9.86098
-2.00067
-5.36825
-5.98835
0.579552
-8.55862
-6.31351
-5.59151
-4.69198
-0.64861
0.651066
2.83628
-0.884965
-0.689071
-0.401938
0.377387
-0.0322418
-7.43836
-6.7061
-1.84889
-1.02419
-3.51857
-2.16088
2.47393
-5.68885
-4.47059
-4.43654
-3.13708
-3.49577
-4.29671
-11.6666
-5.75295
-3.69996
0.0300891
-0.821423
-1.91585
-1.71762
-1.51242
-0.26046
-4.6718
-6.19764
-7.13517
-6.00622
-4.92763
-7.89733
-2.70876
-7.79496
-12.5848
-14.9232
-3.5269
-6.20888
1.06408
-6.09877
-7.10594
1.67345
-3.4876
-2.81298
-9.1262
-3.61447
0.728286
-2.96295
-3.42472
-0.145547
0.0868627
1.91471
-5.26635
-0.561043
-10.7182
-7.9662
-3.79969
-6.5724
-4.72358
-3.233
-8.17297
-7.13523
2.42743
5.39857
0.676481
-4.63677
-0.362063
-2.71058
0.188026
-6.8043
-6.43173
-12.1017
-6.96594
-11.6032
-7.97243
-4.87116
-3.39711
-11.1178
-0.546809
-2.31563
-6.44742
-7.34839
1.16096
3.4628
3.06236
3.89683
-0.244686
-8.53594
-9.18615
-2.53504
-3.13319
3.99475
0.0646471
-1.85933
-1.23137
-4.26612
-4.89319
-6.04496
-1.80933
-9.98645
-6.33725
-4.81268
-4.95507
-4.32597
-8.77684
-1.00342
1.02939
2.03091
-4.19151
-4.69034
1.33983
-3.67205
-3.74239
-7.94451
-1.68169
-1.29612
-0.13826
-3.94347
-2.39441
-9.74152
-4.016
-1.79113
-0.0525675
-2.70077
-2.11895
-5.20352
-3.70446
-10.4736
-5.96853
-5.61629
-5.46596
-5.85961
-1.46929
-4.32916
-0.704263
-6.87549
-1.26098
-0.099235
1.33171
8.98042
-4.02093
-0.287896
3.37882
-5.77701
-5.49182
-3.00929
-2.88066
-1.42039
-1.3994
-4.10578
0.447759
-9.17363
-4.45522
-4.57593
0.6812
-1.59443
-7.46514
-7.76182
-5.34106
-5.85688
-3.38692
-5.78719
-3.20197
-7.83293
-8.90182
-0.0195048
-1.29874
-3.48713
3.09378
2.91896
0.545535
-4.03094
-1.33881
-4.98705
-5.54709
3.66837
-3.00496
3.29234
0.317899
1.35303
1.26427
-0.45762
-4.35201
-6.8447
-1.13962
-4.14605
3.4768
-1.71813
-11.4785
-3.91634
-3.71041
-6.10129
-6.54514
-6.27411
-10.3997
-8.65891
-3.58153
-4.32111
-7.24729
-1.89489
-6.2079
-6.14735
-2.30567
-0.888077
-7.56614
-9.05558
-5.39377
-0.799496
-6.39181
0.0552189
-0.376365
-3.23028
-5.58355
-5.18956
-0.215878
5.09768
2.91577
3.02235
3.64682
-4.53521
-4.51993
-5.18625
-0.345054
-0.878551
-6.43855
-3.19727
-1.19835
-4.33621
-7.19438
0.1656
-1.99269
-5.58155
-4.79864
0.909494
-4.06935
-8.75634
-7.36785
-4.61487
-3.25919
-3.05413
1.85083
-6.41965
-4.69375
0.641739
-1.15787
-8.15023
-9.65618
-3.7383
-9.90243
-4.33367
-8.50168
-0.97849
-8.58766
-1.80185
-0.792654
-7.89694
-2.31137
-0.333286
-3.46367
-4.74179
-8.20102
2.76308
1.20083
-4.77808
-4.72443
-2.92672
-8.70449
-6.23329
-6.9092
-2.13115
-9.67914
-3.67139
2.20259
-1.96178
-2.08796
-0.387444
1.40661
-12.3446
-4.93687
-1.56514
-3.84489
-1.53167
-3.75195
-4.97252
-3.80469
-3.96805
-13.3585
-4.90534
-7.79671
-9.04316
-3.22092
0.955247
-4.45806
0.992152
-6.47349
-7.895
-5.68828
-3.27092
-6.33974
1.38166
-0.405491
2.36928
0.147866
-6.92234
-6.66209
-4.75991
-6.06633
-5.98799
0.441151
1.95462
-5.02566
1.5635
-6.27886
-12.5955
-2.23704
-8.45326
-5.61877
-4.12935
-3.51418
-3.70015
-4.42905
-5.34578
-6.41466
0.719665
-6.03092
-10.7212
-5.50886
0.93054
-3.37735
-0.52002
-5.274
0.494864
-1.39943
-3.00803
-2.924
1.63752
-1.01286
-2.82673
5.99348
-1.59135
-3.88033
-2.23092
-2.55096
-6.17812
-13.6558
-8.05864
-5.12839
-0.851684
-5.38323
-8.56043
-7.01917
-6.06609
-4.78745
-3.79805
-4.40492
-8.72799
-10.8438
-6.43718
-9.38341
-10.5351
-6.11765
0.398073
-6.09697
-4.98834
-4.6395
-5.48213
-8.2091
-6.53549
-1.23545
0.0543953
4.77464
3.31703
0.855085
5.74723
2.95605
0.0736688
-4.2802
-7.39917
2.46969
-6.94601
-6.84561
-2.50011
-2.88356
1.25108
-3.7878
-8.04037
-12.5875
-9.59973
-8.10874
-3.21687
-6.91692
-11.5293
-15.462
-8.98629
-9.00773
-8.74844
-5.39759
-1.3743
-2.00364
-8.41422
-3.524
3.45076
-0.490089
-5.4688
-0.305438
-6.53594
-3.05386
-11.72
-3.51126
-9.70943
-11.1814
-9.09224
-8.45236
-9.19918
-5.30378
-5.01759
0.634458
0.0790355
-3.84821
-8.19307
1.0491
-9.32446
-5.60124
-0.873747
-7.39691
-9.53156
-5.56329
-2.82496
-1.33227
3.01456
-1.62152
-5.27545
-1.33934
-5.87291
-4.71329
0.270986
-8.73242
-3.81169
-4.54297
-1.89023
-4.25108
-2.05367
-3.89741
-2.17118
-2.78003
-7.16969
-6.8357
-4.93552
-10.95
-8.10499
-10.219
-2.0368
-7.84003
-5.42093
-1.49351
-4.53817
-1.55861
-2.10544
-6.03423
-8.16689
-9.82274
-6.29736
-5.99233
-9.46108
-9.87729
-10.5009
-16.2129
-12.571
-5.65743
-1.65304
-1.33464
-4.12528
-1.5681
-4.71205
-4.78881
-6.93495
-10.3036
-4.02768
-4.22347
-4.80737
-0.735939
-0.786541
-3.5052
-0.188976
-2.10155
-1.01737
-9.56814
-4.01975
-10.7737
-4.19061
-6.04633
-4.8145
0.0455554
-0.785692
-0.533992
-1.48995
-5.78653
-11.5839
-8.17574
-6.17395
-6.45253
-9.7042
-0.648341
-3.07474
-2.97215
-0.278084
-6.51784
-3.43203
-2.85723
-1.66289
-0.558608
-5.15499
-6.95145
-7.31443
-10.275
-9.10679
-2.57854
-1.49583
-8.6004
-6.25315
-0.177634
3.68024
-3.68379
-5.04972
-1.44697
0.50857
-6.28381
-4.40101
-7.60137
1.86003
-4.14275
-5.75523
-3.85953
-9.25963
-2.50499
-4.63497
-4.63507
-5.14429
-5.70618
1.99722
-8.82073
-6.46844
-4.51018
-2.50769
-9.52111
-5.04371
-6.33144
-2.40931
-2.39211
-0.245296
-7.31493
-0.958512
-4.87645
-7.32678
-0.848684
-6.32782
3.54934
-4.64322
-5.91308
-0.0818721
-7.2554
-3.734
-3.80748
-3.54567
-10.9795
-5.16634
-11.0939
-9.22294
-4.42148
-4.77737
-5.96501
-12.0923
-8.86951
-4.72612
-1.67308
-3.81301
-10.654
-5.12384
-8.67119
-7.18562
-2.82704
-1.37333
-1.53923
-4.80413
-10.5695
-3.97897
-8.25964
-5.00318
-1.11792
-2.87214
0.763434
-0.507908
-3.28044
-1.62292
-0.929416
-3.37115
-1.88011
0.142755
4.58656
7.02148
4.90101
-4.58817
-2.84995
-0.389812
-1.39983
-5.9902
-8.58417
-6.86909
-12.1618
-7.18404
-0.0354428
-5.24134
-6.63255
-6.77797
-13.0781
-12.8813
-10.4917
-9.57956
-3.33535
-0.937672
-2.09553
-5.41814
-0.432255
-0.32148
1.1962
-6.62927
-1.42142
0.395467
3.30747
1.59369
-3.20924
2.72338
-1.32378
-2.6067
1.91663
-1.32596
-7.97944
-6.3825
-6.16315
-7.26586
-8.21513
-3.88097
-5.33486
-9.57882
-8.80412
-12.1687
0.397462
-2.96425
-3.21624
-8.58492
-5.48125
2.59409
1.36315
-0.410977
2.47919
-7.71156
-1.24689
-1.53589
-1.40121
-1.05436
-3.01553
1.8297
-3.57577
-4.01271
-6.12272
-3.97704
-6.91454
-3.62683
-3.16437
-3.50307
-1.62307
-2.14511
-5.89013
-5.63343
-8.07139
-4.85251
-5.36655
-7.68681
-1.52126
-1.90412
-2.64095
-5.7502
-6.78766
-4.61593
-5.49846
4.53677
0.11334
-5.92018
-5.21447
-10.7085
-8.35717
-9.88322
-1.42631
-2.74897
-9.90864
-6.66444
-3.59878
1.91974
-5.36325
-6.27518
-0.644184
-5.50014
0.360247
-4.20078
-1.29904
-9.81537
-0.433916
3.02699
-4.79169
-4.46915
-8.58293
-10.886
-2.66367
-3.27411
-3.03495
-1.1712
-2.21059
-0.0916255
2.05608
-8.8725
-8.24853
-6.08364
-9.04217
-3.01353
-4.44282
2.31353
0.45413
2.83235
-0.537201
-3.78491
-3.05522
-2.31978
-7.71769
-5.63549
-5.58362
-0.0470871
0.942916
-3.35305
-2.45902
-7.17001
-8.24149
-7.49715
-8.00873
-6.96485
0.51355
-0.269732
-4.8859
-4.11601
-5.96852
-5.59589
-6.74656
-4.40341
-0.217114
3.51636
0.624469
-7.34428
-4.18317
-4.22657
2.84143
-5.49465
-2.46984
-3.95253
-3.68269
-6.33533
-6.1609
-6.96026
-3.86581
0.549927
-7.522
-0.562619
2.74922
4.71524
3.45631
-4.17713
-5.66249
-7.03002
-7.09626
-4.85658
-10.8065
0.295816
-1.54745
-12.9711
-5.54255
-6.20247
-1.3022
-8.22499
-6.97891
-8.94268
-9.27108
-0.945407
-6.10649
-3.5683
-3.32859
-1.06961
-1.65313
-5.98644
-5.89197
0.37358
-4.38037
-9.28043
-4.05845
-0.964708
-6.20382
-2.65704
1.65233
-1.50192
-14.9147
-4.78522
-3.24849
-0.392859
4.09851
-0.527049
-2.31986
-2.42181
-2.28276
0.721798
-10.7133
-7.14814
-1.5297
-2.75954
-4.36134
0.15134
-5.78278
0.45883
0.188532
-5.86045
-4.2376
0.869603
-2.48464
0.00979531
-3.29599
0.0555186
-9.11526
-8.81363
-8.07621
-1.8594
-3.45785
-8.64559
-10.7045
-2.49765
-2.44167
-8.45126
-2.3188
-8.88905
-1.99384
2.5102
-2.17521
-2.34484
-4.64337
-2.33859
-8.11673
-2.39269
-7.83061
-3.58191
-8.17369
-3.12592
-3.27254
-4.71325
0.202136
-6.45131
-1.72603
-3.14619
-0.477323
0.828534
-1.69179
1.8317
-10.7856
-10.7719
-5.14328
-2.06885
-7.28874
-0.605848
-5.02384
-1.49635
-5.60381
-7.47272
-6.45825
-6.86497
-11.3196
-7.93629
-4.94413
-2.88359
-7.37309
-1.85407
-5.85587
-3.82772
-4.67872
-5.05518
-4.80167
-5.01993
-0.19396
-0.647042
-1.26338
-3.42532
-1.55418
-2.51275
-1.61859
-1.88581
-2.28036
0.0335248
-3.50713
-2.98793
-3.09609
-5.85077
-5.49775
-11.8238
-9.19914
-2.68264
-2.92229
-2.77014
0.599069
-5.2013
-14.9562
-3.71448
-3.60372
7.75256
1.90651
-0.505458
0.492118
-6.60684
-5.00591
-2.07108
-4.12079
-2.28637
-1.92179
-0.0345591
-4.75646
-0.260527
-2.1192
-2.11804
-4.17511
2.51048
-0.551129
-3.36199
-1.23372
-5.42995
-4.64377
-7.83985
-13.0302
-10.3937
-1.1368
-1.77198
-3.0619
-4.3478
4.07424
-4.21402
1.54025
0.102288
2.18779
-6.0549
-4.49568
-6.12535
-2.74453
-6.34541
-5.55747
-4.89342
-1.8209
-3.86765
-19.8167
-2.2123
-4.89557
-3.19037
-2.20688
-2.16733
-5.55325
-3.21477
-7.13748
-6.75544
-2.52186
-4.43117
0.662037
-0.496192
-4.04841
-4.42182
-11.5825
-1.31418
2.6286
2.55664
-3.87988
-1.30918
4.18671
3.59723
-2.73934
-2.62685
-4.16054
-1.99962
-1.83446
-1.76841
0.202103
-2.46447
-9.68498
-18.1214
-2.99395
-9.30942
-3.23255
0.0117258
-5.21618
3.7563
-2.466
1.69015
-2.88297
-11.6916
-2.25141
2.10896
-5.95221
-3.70919
-3.18261
-4.00685
-5.9422
-2.4619
-7.96698
-1.6033
-3.57135
-5.35438
-5.91328
-7.00342
-2.06203
-0.671479
0.672938
-2.49437
0.498624
-5.46446
-0.912764
-0.0908801
-0.315829
-5.05143
-3.90046
-2.57735
0.0872278
0.014818
2.84636
-5.04957
-1.39392
-4.0158
-2.64651
-1.72801
-7.60493
-4.97594
-4.54434
-12.8604
-0.186505
-1.0348
-2.57692
4.23257
-3.00528
2.10351
-2.12526
-0.0232742
2.12728
-8.45574
-1.38241
-2.76588
-0.0777218
0.83695
3.9383
-9.91785
-4.79546
-4.04219
2.97141
-2.92524
-4.09386
-4.99792
-2.47405
3.41069
2.5036
0.437365
-0.959924
-2.03028
3.71929
0.105094
-5.4653
-6.34996
-4.13697
-3.62629
-5.79418
0.94973
-5.06761
-4.92318
-0.963673
-5.16583
-4.30286
-5.57019
-4.0425
-3.65268
-4.63813
-9.62671
-2.57427
-4.48577
-9.60585
-3.97403
0.274989
-2.14801
-3.54529
-0.259297
-1.36309
-5.10664
-3.89854
-1.35819
-4.47964
-3.28586
-2.40467
-3.84889
-7.57343
-4.12711
-4.48342
-0.870193
-4.87604
-5.32288
-3.10311
0.83317
1.9958
-5.99276
-1.6244
-8.34022
-2.7501
1.66382
-0.953751
-5.07673
-4.29361
-0.423569
-2.39027
-2.66777
-1.81537
-3.25759
-3.26706
-1.55302
-4.82363
-5.2922
-5.53445
4.67303
2.39038
1.97537
-5.08427
-6.87073
-1.97911
-0.844549
-13.8419
-5.94779
-5.92208
-0.969835
-0.919032
-7.42212
-1.76738
-10.4891
-10.3577
-7.63129
0.110978
1.53575
-2.44174
-5.02502
0.265132
7.11098
-5.04714
1.90404
-6.49069
-0.300967
-10.5902
-11.4391
-3.6321
-4.42072
6.51747
5.15494
-3.14279
-6.49851
-3.97726
0.962219
1.0462
0.260016
2.22381
-4.8489
-0.35898
1.78127
-3.6524
-7.04264
-6.78764
-10.5242
-4.71295
-3.29535
-0.820211
-5.30253
-9.2859
-1.64502
-4.31534
-1.94808
0.939596
0.0472325
3.49153
-1.40759
0.343295
-3.71527
2.10823
-2.61458
-5.11555
-5.44558
-2.75526
-5.53044
-6.97163
-0.214433
4.23675
1.00897
2.27207
1.64395
-0.731241
-5.34808
-11.5221
-9.12882
-8.13747
-8.7966
-2.79755
-6.94033
0.413154
-4.23277
0.29279
1.61819
3.13584
-2.95782
0.764244
1.09698
-0.829927
4.49114
-3.89946
-1.74806
-1.12482
-4.22649
-4.64136
-2.43577
-7.77979
3.73304
1.93476
-0.350174
-2.08685
5.83661
-0.673071
-2.33508
-7.71527
-0.856139
3.13385
-0.579623
4.21525
0.0868897
-6.12362
-2.99418
-5.16918
-0.0761424
-6.40578
-5.3354
-6.56685
-6.1961
-5.65084
-2.18213
-2.09078
3.731
-0.976178
-6.59261
-4.03259
-8.00161
-2.40295
-8.89621
-6.82396
-2.6149
6.07806
3.21449
-4.96529
-1.61013
-7.7454
2.46103
1.60248
-0.6414
-1.95243
1.23956
0.1444
-4.19848
-4.90443
1.28863
0.176167
-3.31818
-3.78433
-3.30437
4.74002
-0.590042
-12.1635
-2.02858
-1.20448
-2.95129
-0.579497
-0.0144158
0.0891949
0.22639
-2.58675
0.95538
-0.389642
0.088243
-6.23246
-3.5633
-1.42811
-7.27452
-1.28863
-3.76455
-1.75402
-0.77831
-2.64451
-0.0519996
-0.96416
1.00459
-8.06075
-2.72284
-10.8094
-6.22584
-4.48424
-6.47737
-3.38998
-7.30011
-3.0761
-1.1945
2.14564
-0.231014
-1.43198
-5.9316
-4.98867
-3.133
-4.17193
-9.46499
-2.32311
-3.863
1.30555
-0.488
-4.11504
-4.27077
1.49564
-1.46078
-11.4087
-6.45401
0.667657
1.69918
-5.89889
-4.67457
-2.48961
-1.02322
-4.05865
5.02035
5.221
0.0418039
5.5981
2.59266
-3.93697
-0.409864
-6.66637
-5.67851
-1.44235
-2.83465
-4.38243
-2.48503
-5.45551
-7.99932
-6.13917
-5.49838
-4.32766
-0.674569
3.05631
2.62492
-1.1338
-0.423397
3.31988
-4.96607
-5.70292
-1.69299
-9.95624
-1.32403
3.32715
-4.81221
-8.07225
-3.32744
-1.49158
1.728
-0.169895
3.245
1.02585
-3.85769
-0.321993
0.0886149
3.31843
5.60556
2.90126
0.503015
1.99228
-0.615931
-6.47857
-4.72488
-9.45692
-2.51579
-0.462402
-9.46568
0.0927468
-3.8401
-0.411991
-14.6997
-4.7343
-2.96809
-6.47802
-2.64462
-3.0406
3.90877
6.4646
1.2523
0.273816
-3.47126
-5.91695
-4.69292
-1.0267
-6.97464
-4.25415
-5.01692
1.04789
0.333203
-5.6449
-3.69396
-1.45449
0.816359
-0.323263
-1.72246
-0.184379
-3.41606
2.35058
3.29317
0.150192
-7.70374
-4.79747
-1.88753
-1.53233
-0.890855
-10.2001
-3.47979
0.245939
-0.467863
-4.45578
-2.28589
-4.47646
-0.810894
-5.57049
-2.92296
-0.992367
-4.99023
-3.36039
-1.67513
-0.72251
1.63577
-6.17025
-1.51044
1.90812
-4.48122
-5.13035
-3.8323
-0.129925
-0.37481
-1.50059
-1.79656
-1.28588
1.0882
-5.53615
-7.47588
-0.156472
1.00755
-3.58741
-1.28718
-3.6522
-0.943388
-0.633112
1.66511
1.57039
1.64914
-4.9825
-2.16857
-4.00613
3.24054
3.24039
-0.553784
-4.19512
-0.00327718
-2.16034
-7.66095
-2.25693
-3.34606
-3.54312
-8.31201
-7.5982
-5.31785
-6.43534
-4.52734
-6.62064
-2.65136
-8.60075
-5.34379
-1.64444
0.690891
-1.13955
-0.616874
-2.4192
-0.60629
1.8524
-0.792758
-3.74793
-0.370788
-6.70757
-3.01234
-6.64705
-3.23691
-6.20188
-2.55049
-5.44482
-2.88913
-0.560348
-8.704
2.32471
-2.10647
-1.203
-0.815737
3.53414
-0.312993
-4.32881
-3.19574
-8.05703
-6.11564
-6.82347
-13.676
-9.14168
-6.67989
-9.68724
-6.00184
-3.33863
-6.66178
-7.17849
-0.657307
-0.373681
-0.245986
-1.00214
-0.911403
-6.57168
-0.815651
1.21339
-0.293391
-0.213181
3.36562
-9.33144
-4.76776
-4.11783
-3.34685
-3.84235
-7.39593
-4.06985
-0.074581
-6.21242
-5.06306
-2.9589
-3.27955
-8.53382
3.54526
-3.80112
-2.59639
-4.53134
-4.81753
-4.14212
-6.45532
-2.4696
-8.23264
-12.9391
-0.386287
-2.53468
-9.63157
-3.99544
-3.4675
-1.81822
-7.28236
-4.61043
1.3593
1.04755
-6.14275
-8.85666
-5.64854
-2.81787
-2.43917
0.0355404
-3.09602
-3.72707
-3.76262
-1.38101
0.0167749
-3.95973
-2.70755
1.08952
0.534301
-1.95227
-6.11416
-2.77382
-2.8799
-8.25361
-7.32845
-7.98966
-3.74667
-3.61942
-0.662658
0.124384
-2.01994
-0.872156
-7.36243
-3.36155
-5.26919
0.33042
-5.12565
-0.766292
-8.43925
-1.67292
-0.962394
-5.01748
-1.68298
-1.69169
-1.44031
-2.44443
-1.12368
-4.60216
-5.23154
-3.5445
-5.15334
-6.74946
-10.5887
-3.81382
-3.67521
-0.640258
-0.877473
-3.12865
-8.39908
-2.59158
-0.0653278
-2.4052
-3.04624
-3.8263
-1.28781
-4.03888
-9.76754
-5.14666
-4.5525
-3.21708
-5.83568
-6.39287
1.07918
-2.32796
-1.74799
-4.70567
2.18945
-1.76476
-4.07584
-3.30952
-10.1044
-0.251182
2.5577
-1.04237
-5.60863
-3.16021
-0.735931
-3.19914
-6.6768
-3.14225
-5.27828
-0.932226
-0.518509
-1.63062
-3.89544
-6.11537
-3.32225
-6.31998
-5.503
-4.5232
-8.88634
-5.90191
-2.98236
3.94418
2.91331
0.423324
2.59287
5.76218
-3.96158
-1.75931
-3.38493
-6.71925
-3.24532
-1.55811
3.84182
-1.46738
-2.96384
-1.17633
-5.79959
-0.746664
0.739996
-3.59056
-3.64688
-0.96999
-2.89218
-4.89235
-3.00978
-4.52981
-3.4502
-10.3813
-11.1812
-4.45957
-5.26183
0.132785
-2.10365
-0.471061
-5.87973
-8.07919
-1.98724
-3.75319
-0.629913
-3.97615
2.44129
3.15025
-4.95896
-14.1449
-1.32774
-1.00864
-1.63259
1.47314
-2.92529
-1.06582
-1.27489
-5.97415
-3.35167
-2.01519
-4.32749
5.91682
-0.544921
-2.50839
-5.23846
-3.42598
-0.306181
-5.58381
-5.23729
-8.76442
-7.59798
-3.57397
-3.80578
-10.8122
-5.915
-2.93632
-2.64356
-3.36645
-5.80986
-5.20608
0.944897
-3.50623
-5.04192
-2.50682
-4.09339
2.38343
1.89785
-2.59594
-3.63206
-11.7162
1.39871
1.66049
-3.10644
-1.85765
0.51815
3.95501
1.82447
3.07388
-7.26324
-2.68583
-3.24591
-2.22156
-5.11476
-5.94474
-0.442967
-2.84672
-3.45277
-6.3753
-9.25412
-3.08548
-1.81722
-1.07871
-3.24309
-0.866696
-6.22885
-1.11498
1.88551
-5.17415
-1.90161
3.53112
0.73932
-3.00838
-1.5897
0.151591
-0.454378
-8.99313
-8.27291
-9.12755
-1.32347
0.221055
-3.77525
-5.16769
-6.70437
-4.05153
-4.69278
0.0356091
-9.73557
-3.81446
-0.911558
-0.0175048
1.47507
-2.97503
-3.66108
-5.88677
-3.93582
0.352633
-1.92672
-2.87817
-5.11361
-7.26383
3.78788e-05
-1.76341
-4.78487
-3.38982
5.81038
1.25857
-1.96267
-5.04428
-5.7023
-6.31644
-3.37345
-0.353214
-2.94567
2.64129
-2.96256
-5.76882
0.950519
-0.219919
2.10692
-2.93698
-3.65298
-3.17765
-3.05545
-8.36481
